losss
-----

491  11684  LRCBTC  0.00000321                       9.58498818          0 -2.816121934  0.000000000   0.000000000
492  11685  LRCBTC  0.00000321                       9.58498818          0 -2.816121934  0.000000000   0.000000000
493  11686  LRCBTC  0.00000321                       9.58498818          0 -2.816121934  0.000000000   0.000000000
494  11687  LRCBTC  0.00000321                       9.58498818          0 -2.816121934  0.000000000   0.000000000
495  11688  LRCBTC  0.00000323                       9.79493818          1  2.904662030  2.190404370   0.623052960
496  11689  LRCBTC  0.00000323                       9.90023618          1  2.094446859  1.075024651   0.000000000
497  11690  LRCBTC  0.00000323                       9.90023618          1  2.094446859  0.000000000   0.000000000
498  11691  LRCBTC  0.00000323                       9.90023618          1  2.094446859  0.000000000   0.000000000
499  11692  LRCBTC  0.00000323                       9.90023618          1  2.094446859  0.000000000   0.000000000

491  114224  LRCBTC  0.00000352                     103.37662010          0 -3.400705608  0.000000000   0.000000000
492  114225  LRCBTC  0.00000352                     103.37662010          0 -3.400705608  0.000000000   0.000000000
493  114226  LRCBTC  0.00000352                     103.37662010          0 -3.400705608  0.000000000   0.000000000
494  114227  LRCBTC  0.00000352                     103.37662010          0 -3.400705608  0.000000000   0.000000000
495  114228  LRCBTC  0.00000355                     103.68732653          1  2.949329793  0.300557737   0.852272727
496  114229  LRCBTC  0.00000355                     103.86838718          1  2.949329793  0.174621775   0.000000000
497  114230  LRCBTC  0.00000355                     103.88613718          1  2.408092843  0.017088934   0.000000000
498  114231  LRCBTC  0.00000355                     103.94390633          1  2.408092843  0.055608141   0.000000000
499  114232  LRCBTC  0.00000355                     103.94390633          1  2.408092843  0.000000000   0.000000000

493  157049  LRCBTC  0.00000373                      26.01778575          0 -2.640180143  0.000000000   0.000000000
494  157050  LRCBTC  0.00000373                      26.01778575          0 -2.640180143  0.000000000   0.000000000
495  157051  LRCBTC  0.00000376                      26.11011370          1  2.558893709  0.354864749   0.804289544
496  157052  LRCBTC  0.00000376                      26.15542546          1  1.156729640  0.173541029   0.000000000
497  157053  LRCBTC  0.00000376                      26.17588738          1  1.156729640  0.078232029   0.000000000
498  157054  LRCBTC  0.00000376                      26.17588738          1  1.156729640  0.000000000   0.000000000
499  157055  LRCBTC  0.00000376                      26.17588738          1  1.156729640  0.000000000   0.000000000

493  159996  LRCBTC  0.00000382                      25.84708366          0 -1.669673396  0.000000000   0.000000000
494  159997  LRCBTC  0.00000382                      25.84708366          0 -1.669673396  0.000000000   0.000000000
495  159998  LRCBTC  0.00000384                      26.27159244          1  2.095573539  1.642385600   0.523560209
496  159999  LRCBTC  0.00000383                      26.27554734          1  2.095573539  0.015053903  -0.260416667
497  160000  LRCBTC  0.00000383                      26.27554734          1  2.095573539  0.000000000   0.000000000
498  160001  LRCBTC  0.00000385                      26.29537559          1  2.095573539  0.075462748   0.522193211
499  160002  LRCBTC  0.00000385                      26.29537559          1  2.095573539  0.000000000   0.000000000

492  181995  LRCBTC  0.00000366                      23.32293512          0 -3.982571446  0.000000000   0.000000000
493  181996  LRCBTC  0.00000366                      23.32293512          0 -3.982571446  0.000000000   0.000000000
494  181997  LRCBTC  0.00000366                      23.33194604          0 -3.826082835  0.038635446   0.000000000
495  181998  LRCBTC  0.00000368                      23.54160503          1  2.642203220  0.898591955   0.546448087
496  181999  LRCBTC  0.00000368                      23.57422455          1  2.642203220  0.138561156   0.000000000
497  182000  LRCBTC  0.00000368                      23.60430855          1  1.833668764  0.127613954   0.000000000
498  182001  LRCBTC  0.00000368                      23.62267911          1  1.833668764  0.077827147   0.000000000
499  182002  LRCBTC  0.00000368                      23.62267911          1  1.833668764  0.000000000   0.000000000

493  198040  LRCBTC  0.00000366                      11.18988289          0 -1.679112345  0.394935019  -0.543478261
494  198041  LRCBTC  0.00000366                      11.19374785          0 -1.679112345  0.034539772   0.000000000
495  198042  LRCBTC  0.00000370                      11.20376025          1  2.460848535  0.089446360   1.092896175
496  198043  LRCBTC  0.00000370                      11.20376025          1  2.460848535  0.000000000   0.000000000
497  198044  LRCBTC  0.00000370                      11.20376025          1  2.460848535  0.000000000   0.000000000
498  198045  LRCBTC  0.00000371                      11.30436584          1  2.460848535  0.897962717   0.270270270
499  198046  LRCBTC  0.00000371                      11.30436584          1  2.460848535  0.000000000   0.000000000

494  203298  LRCBTC  0.00000377                       8.48397057          0 -3.651171208  0.000000000   0.000000000
495  203299  LRCBTC  0.00000379                       8.49808453          1  1.430716818  0.166360313   0.530503979
496  203300  LRCBTC  0.00000379                       8.50193517          1  1.430716818  0.045311858   0.000000000
497  203301  LRCBTC  0.00000379                       8.51228187          1  2.086364800  0.121698176   0.000000000
498  203302  LRCBTC  0.00000379                       8.52796868          1  1.430716818  0.184284429   0.000000000
499  203303  LRCBTC  0.00000379                       8.53572302          1  1.430716818  0.090928336   0.000000000

491  215518  LRCBTC  0.00000375                      10.75519470          0 -2.790398747  0.000000000   0.000000000
492  215519  LRCBTC  0.00000375                      10.75519470          0 -2.790398747  0.000000000   0.000000000
493  215520  LRCBTC  0.00000375                      10.75519470          0 -2.790398747  0.000000000   0.000000000
494  215521  LRCBTC  0.00000375                      10.75519470          0 -2.790398747  0.000000000   0.000000000
495  215522  LRCBTC  0.00000379                      11.24148266          1  3.135755147  4.521424052   1.066666667
496  215523  LRCBTC  0.00000379                      12.04686145          1  2.688760624  7.164346682   0.000000000
497  215524  LRCBTC  0.00000379                      12.09168945          1  2.688760624  0.372113518   0.000000000
498  215525  LRCBTC  0.00000379                      12.09980384          1  2.688760624  0.067107165   0.000000000
499  215526  LRCBTC  0.00000379                      12.10153966          1  2.688760624  0.014345852   0.000000000

493  216625  LRCBTC  0.00000379                      12.94530028          0 -0.056892517  0.000000000   0.000000000
494  216626  LRCBTC  0.00000379                      12.94530028          0 -0.056892517  0.000000000   0.000000000
495  216627  LRCBTC  0.00000386                      14.19965557          1  2.698662486  9.689657736   1.846965699
496  216628  LRCBTC  0.00000386                      14.24599873          1  2.698662486  0.326368198   0.000000000
497  216629  LRCBTC  0.00000386                      14.25074653          1  2.698662486  0.033327253   0.000000000
498  216630  LRCBTC  0.00000386                      14.35423313          1  2.698662486  0.726183711   0.000000000
499  216631  LRCBTC  0.00000386                      14.35443385          1  2.698662486  0.001398333   0.000000000

492  38724  ARKBTC  0.00001928                      24.77082315          0 -1.608123633  0.000000000   0.000000000
493  38725  ARKBTC  0.00001928                      24.77082315          0 -1.608123633  0.000000000   0.000000000
494  38726  ARKBTC  0.00001928                      24.77082315          0 -1.608123633  0.000000000   0.000000000
495  38727  ARKBTC  0.00001939                      25.13489442          1  2.428847935  1.469758465   0.570539419
496  38728  ARKBTC  0.00001938                      25.13950686          1  2.428847935  0.018350743  -0.051572976
497  38729  ARKBTC  0.00001938                      25.14251076          1  2.428847935  0.011948922   0.000000000
498  38730  ARKBTC  0.00001938                      25.14251076          1  2.428847935  0.000000000   0.000000000
499  38731  ARKBTC  0.00001940                      25.14379116          1  2.428847935  0.005092570   0.103199174

494  71741  ARKBTC  0.00002093                      24.87903162          0 -1.937366804  0.000000000   0.000000000
495  71742  ARKBTC  0.00002108                      25.03582898          1  2.024998241  0.630239000   0.716674630
496  71743  ARKBTC  0.00002108                      25.04906722          1  2.024998241  0.052877179   0.000000000
497  71744  ARKBTC  0.00002108                      25.04906722          1  2.024998241  0.000000000   0.000000000
498  71745  ARKBTC  0.00002108                      25.04906722          1  2.024998241  0.000000000   0.000000000
499  71746  ARKBTC  0.00002108                      25.04906722          1  2.024998241  0.000000000   0.000000000


494  167700  ARKBTC  0.00002141                      11.08035111          0 -3.536772261  0.000000000   0.000000000
495  167701  ARKBTC  0.00002155                      11.09431551          1  1.282904929  0.126028497   0.653900047
496  167702  ARKBTC  0.00002155                      11.09431551          1  1.282904929  0.000000000   0.000000000
497  167703  ARKBTC  0.00002157                      11.13697750          1  1.282904929  0.384539181   0.092807425
498  167704  ARKBTC  0.00002157                      11.13697750          1  1.282904929  0.000000000   0.000000000
499  167705  ARKBTC  0.00002159                      11.18190629          1  1.968697481  0.403419958   0.092721372

493  176177  ARKBTC  0.00002130                      12.88907159          0 -2.603509354  0.000000000   0.000000000
494  176178  ARKBTC  0.00002130                      12.88907159          0 -2.603509354  0.000000000   0.000000000
495  176179  ARKBTC  0.00002139                      13.08076877          1  2.397796001  1.487284625   0.422535211
496  176180  ARKBTC  0.00002139                      13.08312167          1  2.397796001  0.017987475   0.000000000
497  176181  ARKBTC  0.00002139                      13.08312167          1  2.397796001  0.000000000   0.000000000
498  176182  ARKBTC  0.00002139                      13.08312167          1  2.397796001  0.000000000   0.000000000
499  176183  ARKBTC  0.00002142                      13.09224545          1  2.397796001  0.069737026   0.140252454

493  177345  ARKBTC  0.00002165                      13.81169463          0  0.221963816  0.000000000   0.000000000
494  177346  ARKBTC  0.00002165                      13.81169463          0  0.221963816  0.000000000   0.000000000
495  177347  ARKBTC  0.00002256                      14.89152314          1  2.520730850  7.818218828   4.203233256
496  177348  ARKBTC  0.00002195                      14.93208433          1  2.520730850  0.272377712  -2.703900709
497  177349  ARKBTC  0.00002193                      14.95216574          1  2.520730850  0.134484976  -0.091116173
498  177350  ARKBTC  0.00002196                      14.95362137          1  2.520730850  0.009735245   0.136798906
499  177351  ARKBTC  0.00002207                      14.96546612          1  2.520730850  0.079209910   0.500910747

494  181628  ARKBTC  0.00002191                      20.65103583          0 -5.188558562  0.000000000   0.000000000
495  181629  ARKBTC  0.00002199                      20.69898633          1  2.017759652  0.232194164   0.365130078
496  181630  ARKBTC  0.00002199                      20.69898633          1  2.017759652  0.000000000   0.000000000
497  181631  ARKBTC  0.00002199                      20.81199852          1  2.527236291  0.545979345   0.000000000
498  181632  ARKBTC  0.00002201                      20.87266146          1  2.527236291  0.291480609   0.090950432
499  181633  ARKBTC  0.00002202                      20.91870509          1  2.527236291  0.220593000   0.045433894

493  181894  ARKBTC  0.00002219                      21.11582281          0 -1.350243643  0.000000000   0.000000000
494  181895  ARKBTC  0.00002219                      21.11582281          0 -1.350243643  0.000000000   0.000000000
495  181896  ARKBTC  0.00002350                      22.13084949          1  3.191554267  4.806948273   5.903560162
496  181897  ARKBTC  0.00002350                      22.32589947          1  3.191554267  0.881348816   0.000000000
497  181898  ARKBTC  0.00002267                      22.45107633          1  3.071991832  0.560680031  -3.531914894
498  181899  ARKBTC  0.00002241                      22.49731218          1  3.071991832  0.205940461  -1.146890163
499  181900  ARKBTC  0.00002270                      22.76543894          1  3.191554267  1.191816862   1.294065149

493  213866  ARKBTC  0.00002198                      25.62984002          0 -3.779421196  0.000000000   0.000000000
494  213867  ARKBTC  0.00002198                      25.62984002          0 -3.779421196  0.000000000   0.000000000
495  213868  ARKBTC  0.00002245                      26.05531905          1  2.970995749  1.660092414   2.138307552
496  213869  ARKBTC  0.00002244                      26.13017813          1  2.688944141  0.287308245  -0.044543430
497  213870  ARKBTC  0.00002244                      26.13017813          1  2.688944141  0.000000000   0.000000000
498  213871  ARKBTC  0.00002220                      26.29149123          1  2.688944141  0.617344050  -1.069518717
499  213872  ARKBTC  0.00002244                      26.33209255          1  2.688944141  0.154427604   1.081081081

493  230138  ARKBTC  0.00002084                      16.88546522          0 -2.340305555  0.000000000   0.000000000
494  230139  ARKBTC  0.00002084                      16.88546522          0 -2.340305555  0.000000000   0.000000000
495  230140  ARKBTC  0.00002106                      17.06201197          1  0.618015588  1.045554551   1.055662188
496  230141  ARKBTC  0.00002106                      17.06201197          1  0.618015588  0.000000000   0.000000000
497  230142  ARKBTC  0.00002106                      17.06201197          1  0.618015588  0.000000000   0.000000000
498  230143  ARKBTC  0.00002104                      17.06676701          1  0.618015588  0.027869163  -0.094966762
499  230144  ARKBTC  0.00002104                      17.06676701          1  0.618015588  0.000000000   0.000000000

494  242504  ARKBTC  0.00002154                      13.89916663          0 -4.638292221  0.000000000   0.000000000
495  242505  ARKBTC  0.00002177                      14.05304500          1  1.835611917  1.107105009   1.067780873
496  242506  ARKBTC  0.00002177                      14.05304500          1  1.835611917  0.000000000   0.000000000
497  242507  ARKBTC  0.00002177                      14.05304500          1  1.835611917  0.000000000   0.000000000
498  242508  ARKBTC  0.00002180                      14.10120168          1  2.183669935  0.342677904   0.137804318
499  242509  ARKBTC  0.00002180                      14.10120168          1  2.183669935  0.000000000   0.000000000

494  261989  ARKBTC  0.00002060                      13.78100373          0 -5.277224793  0.000000000   0.000000000
495  261990  ARKBTC  0.00002076                      13.98838176          1  2.488912226  1.504810782   0.776699029
496  261991  ARKBTC  0.00002075                      14.02593926          1  1.277316597  0.268490671  -0.048169557
497  261992  ARKBTC  0.00002075                      14.02593926          1  1.277316597  0.000000000   0.000000000
498  261993  ARKBTC  0.00002074                      14.02788882          1  1.277316597  0.013899675  -0.048192771
499  261994  ARKBTC  0.00002074                      14.02788882          1  1.277316597  0.000000000   0.000000000

493  299910  ARKBTC  0.00002137                      10.36841855          0 -3.009341413  0.000000000   0.000000000
494  299911  ARKBTC  0.00002137                      10.32990655          0 -3.009341413 -0.371435623   0.000000000
495  299912  ARKBTC  0.00002147                      10.67014288          1  1.794796404  3.293701916   0.467945718
496  299913  ARKBTC  0.00002147                      10.67014288          1  1.794796404  0.000000000   0.000000000
497  299914  ARKBTC  0.00002147                      10.67014288          1  1.794796404  0.000000000   0.000000000
498  299915  ARKBTC  0.00002147                      10.67014288          1  1.794796404  0.000000000   0.000000000
499  299916  ARKBTC  0.00002151                      10.75495857          1  2.765591248  0.794888044   0.186306474

493  322374  ARKBTC  0.00002203                      11.73358599          0 -2.078663176  0.000000000   0.000000000
494  322375  ARKBTC  0.00002203                      11.73358599          0 -2.078663176  0.000000000   0.000000000
495  322376  ARKBTC  0.00002227                      12.26495500          1  2.216250733  4.528615638   1.089423513
496  322377  ARKBTC  0.00002227                      12.26495500          1  2.216250733  0.000000000   0.000000000
497  322378  ARKBTC  0.00002233                      12.26622781          1  2.216250733  0.010377617   0.269420745
498  322379  ARKBTC  0.00002233                      12.26767926          1  2.216250733  0.011832896   0.000000000
499  322380  ARKBTC  0.00002265                      12.27691212          1  2.216250733  0.075261668   1.433049709

493  327766  ARKBTC  0.00002226                      14.86905368          0 -4.902636353  0.000000000   0.000000000
494  327767  ARKBTC  0.00002226                      14.86905368          0 -4.902636353  0.000000000   0.000000000
495  327768  ARKBTC  0.00002298                      14.97537087          1  0.728394002  0.715023244   3.234501348
496  327769  ARKBTC  0.00002298                      14.97537087          1  0.728394002  0.000000000   0.000000000
497  327770  ARKBTC  0.00002298                      14.97537087          1  0.728394002  0.000000000   0.000000000
498  327771  ARKBTC  0.00002258                      14.98170827          1  0.728394002  0.042318818  -1.740644038
499  327772  ARKBTC  0.00002265                      14.99367317          1  0.728394002  0.079863389   0.310008857

494  21476  2020-02-04 03:23  OAXBTC  0.00000547                      14.94198578          0 -3.122355515  0.000000000   0.000000000
495  21477  2020-02-04 03:23  OAXBTC  0.00000550                      15.13303093          1  2.845518826  1.278579386   0.548446069
496  21478  2020-02-04 03:23  OAXBTC  0.00000550                      15.22197424          1  1.962909430  0.587742868   0.000000000
497  21479  2020-02-04 03:23  OAXBTC  0.00000550                      15.22197424          1  1.962909430  0.000000000   0.000000000
498  21480  2020-02-04 03:23  OAXBTC  0.00000550                      15.22197424          1  1.962909430  0.000000000   0.000000000
499  21481  2020-02-04 03:23  OAXBTC  0.00000550                      15.22298074          1  1.962909430  0.006612152   0.000000000

494  44713  2020-02-04 21:32  OAXBTC  0.00000560                      22.20008749          0 -3.225539398  0.000000000   0.000000000
495  44714  2020-02-04 21:32  OAXBTC  0.00000563                      22.34041080          1  1.628074644  0.632084491   0.535714286
496  44715  2020-02-04 21:32  OAXBTC  0.00000563                      22.34825902          1  1.628074644  0.035130151   0.000000000
497  44716  2020-02-04 21:32  OAXBTC  0.00000563                      22.34825902          1  1.628074644  0.000000000   0.000000000
498  44717  2020-02-04 21:32  OAXBTC  0.00000563                      22.34825902          1  1.628074644  0.000000000   0.000000000
499  44718  2020-02-04 21:32  OAXBTC  0.00000563                      22.34825902          1  1.628074644  0.000000000   0.000000000

493  97665  2020-02-06 12:41  OAXBTC  0.00000534                      17.77644021          0 -4.538502760  0.000000000   0.000000000
494  97666  2020-02-06 12:41  OAXBTC  0.00000534                      17.77644021          0 -4.538502760  0.000000000   0.000000000
495  97667  2020-02-06 12:41  OAXBTC  0.00000539                      17.88967872          1  2.492897772  0.637014547   0.936329588
496  97668  2020-02-06 12:41  OAXBTC  0.00000539                      17.94280795          1  1.284207216  0.296982583   0.000000000
497  97669  2020-02-06 12:41  OAXBTC  0.00000539                      17.94280795          1  1.284207216  0.000000000   0.000000000
498  97670  2020-02-06 12:41  OAXBTC  0.00000539                      17.94280795          1  1.284207216  0.000000000   0.000000000
499  97671  2020-02-06 12:41  OAXBTC  0.00000539                      17.94280795          1  1.284207216  0.000000000   0.000000000

494  98302  2020-02-06 12:58  OAXBTC  0.00000527                      18.32032406          0 -2.251649353  0.000000000   0.000000000
495  98303  2020-02-06 12:58  OAXBTC  0.00000530                      18.43201096          1  2.891181896  0.609633867   0.569259962
496  98304  2020-02-06 12:58  OAXBTC  0.00000530                      18.48052997          1  2.063878190  0.263232320   0.000000000
497  98305  2020-02-06 12:58  OAXBTC  0.00000530                      18.48052997          1  2.063878190  0.000000000   0.000000000
498  98306  2020-02-06 12:58  OAXBTC  0.00000531                      18.48215483          1  2.063878190  0.008792280   0.188679245
499  98307  2020-02-06 12:58  OAXBTC  0.00000530                      18.51538347          1  2.063878190  0.179787694  -0.188323917

494  112431  2020-02-06 21:52  OAXBTC  0.00000560                      22.00029346          0 -2.477436109  0.000000000   0.000000000
495  112432  2020-02-06 21:52  OAXBTC  0.00000566                      22.83961387          1  2.375600865  3.815041884   1.071428571
496  112433  2020-02-06 21:52  OAXBTC  0.00000567                      22.89463555          1  2.375600865  0.240904598   0.176678445
497  112434  2020-02-06 21:52  OAXBTC  0.00000566                      22.89575057          1  2.375600865  0.004870224  -0.176366843
498  112435  2020-02-06 21:52  OAXBTC  0.00000566                      22.89575057          1  2.375600865  0.000000000   0.000000000
499  112436  2020-02-06 21:52  OAXBTC  0.00000566                      22.89575057          1  2.375600865  0.000000000   0.000000000

494  124454  2020-02-07 06:43  OAXBTC  0.00000564                      23.94741744          0 -1.186502446  0.000000000   0.000000000
495  124455  2020-02-07 06:43  OAXBTC  0.00000566                      24.11015603          1  2.316593659  0.679566347   0.354609929
496  124456  2020-02-07 06:43  OAXBTC  0.00000567                      24.11654612          1  2.316593659  0.026503727   0.176678445
497  124457  2020-02-07 06:43  OAXBTC  0.00000567                      24.11654612          1  2.316593659  0.000000000   0.000000000
498  124458  2020-02-07 06:43  OAXBTC  0.00000567                      24.11654612          1  2.316593659  0.000000000   0.000000000
499  124459  2020-02-07 06:43  OAXBTC  0.00000567                      24.12746087          1  2.316593659  0.045258346   0.000000000

493  129486  2020-02-07 09:20  OAXBTC  0.00000597                      31.78300101          0  1.478993502  0.000000000   0.000000000
494  129487  2020-02-07 09:20  OAXBTC  0.00000597                      31.78300101          0  1.478993502  0.000000000   0.000000000
495  129488  2020-02-07 09:20  OAXBTC  0.00000600                      32.98939979          1  2.917653020  3.795735902   0.502512563
496  129489  2020-02-07 09:20  OAXBTC  0.00000601                      32.99400108          1  2.917653020  0.013947783   0.166666667
497  129490  2020-02-07 09:20  OAXBTC  0.00000601                      32.99400108          1  2.917653020  0.000000000   0.000000000
498  129491  2020-02-07 09:20  OAXBTC  0.00000601                      32.99760171          1  2.917653020  0.010912984   0.000000000
499  129492  2020-02-07 09:20  OAXBTC  0.00000601                      33.00110554          1  2.917653020  0.010618438   0.000000000

493  279065  2020-02-10 10:53  OAXBTC  0.00000587                      12.86359620          0 -3.016947818  0.000000000   0.000000000
494  279066  2020-02-10 10:53  OAXBTC  0.00000587                      12.86359620          0 -3.016947818  0.000000000   0.000000000
495  279067  2020-02-10 10:53  OAXBTC  0.00000588                      13.31205226          1  1.995159278  3.486241740   0.170357751
496  279068  2020-02-10 10:53  OAXBTC  0.00000589                      13.31419033          1  1.995159278  0.016061160   0.170068027
497  279069  2020-02-10 10:53  OAXBTC  0.00000589                      13.33583608          1  1.995159278  0.162576540   0.000000000
498  279070  2020-02-10 10:53  OAXBTC  0.00000590                      13.33918728          1  1.995159278  0.025129283   0.169779287
499  279071  2020-02-10 10:53  OAXBTC  0.00000590                      13.34019028          1  1.995159278  0.007519199   0.000000000

493  308645  2020-02-11 08:49  OAXBTC  0.00000630                      30.00035968          0 -1.184186663  0.000000000   0.000000000
494  308646  2020-02-11 08:49  OAXBTC  0.00000632                      30.03378899          0 -1.184186663  0.111429697   0.317460317
495  308647  2020-02-11 08:49  OAXBTC  0.00000640                      32.39498985          1  2.846105566  7.861814774   1.265822785
496  308648  2020-02-11 08:49  OAXBTC  0.00000643                      32.40716524          1  2.846105566  0.037584176   0.468750000
497  308649  2020-02-11 08:49  OAXBTC  0.00000648                      32.40802607          1  2.846105566  0.002656295   0.777604977
498  308650  2020-02-11 08:49  OAXBTC  0.00000645                      32.42231345          1  2.846105566  0.044085931  -0.462962963
499  308651  2020-02-11 08:49  OAXBTC  0.00000637                      32.42975373          1  2.846105566  0.022948023  -1.240310078

494    549  2020-02-03 11:11  POLYBTC  0.00000247                      51.79457418          0  1.084987957  0.000000000   0.000000000
495    550  2020-02-03 11:11  POLYBTC  0.00000249                      55.00693137          1  3.084907947  6.202111400   0.809716599
496    551  2020-02-03 11:11  POLYBTC  0.00000249                      55.01271819          1  3.084907947  0.010520165   0.000000000
497    552  2020-02-03 11:11  POLYBTC  0.00000249                      55.01407832          1  3.084907947  0.002472392   0.000000000
498    553  2020-02-03 11:11  POLYBTC  0.00000249                      55.01529095          1  3.084907947  0.002204218   0.000000000
499    554  2020-02-03 11:11  POLYBTC  0.00000252                      55.21125836          1  3.084907947  0.356205351   1.204819277

493  104470  2020-02-05 19:25  POLYBTC  0.00000244                      35.55411220          0 -3.209861199  0.000000000   0.000000000
494  104471  2020-02-05 19:25  POLYBTC  0.00000244                      35.55411220          0 -3.209861199  0.000000000   0.000000000
495  104472  2020-02-05 19:25  POLYBTC  0.00000246                      35.82061664          1  1.643789514  0.749574166   0.819672131
496  104473  2020-02-05 19:25  POLYBTC  0.00000246                      35.82061664          1  1.643789514  0.000000000   0.000000000
497  104474  2020-02-05 19:25  POLYBTC  0.00000246                      35.85965930          1  1.643789514  0.108994941   0.000000000
498  104475  2020-02-05 19:25  POLYBTC  0.00000246                      35.85965930          1  1.643789514  0.000000000   0.000000000
499  104476  2020-02-05 19:25  POLYBTC  0.00000246                      35.85965930          1  1.643789514  0.000000000   0.000000000

492  274993  2020-02-10 09:11  POLYBTC  0.00000288                      28.38507364          0 -1.701867488  0.000000000   0.000000000
493  274994  2020-02-10 09:11  POLYBTC  0.00000288                      28.38507364          0 -1.701867488  0.000000000   0.000000000
494  274995  2020-02-10 09:11  POLYBTC  0.00000288                      28.38507364          0 -1.701867488  0.000000000   0.000000000
495  274996  2020-02-10 09:11  POLYBTC  0.00000291                      28.47095283          1  2.791742254  0.302550527   1.041666667
496  274997  2020-02-10 09:11  POLYBTC  0.00000291                      28.52891508          1  2.791742254  0.203583808   0.000000000
497  274998  2020-02-10 09:11  POLYBTC  0.00000290                      28.57846258          1  2.100146503  0.173674673  -0.343642612
498  274999  2020-02-10 09:11  POLYBTC  0.00000291                      28.58719258          1  2.100146503  0.030547480   0.344827586
499  275000  2020-02-10 09:11  POLYBTC  0.00000291                      28.58719258          1  2.100146503  0.000000000   0.000000000

491  297603  2020-02-10 23:34  POLYBTC  0.00000312                      42.87418320          0  0.781414178  0.000000000   0.000000000
492  297604  2020-02-10 23:34  POLYBTC  0.00000312                      42.87418320          0  0.781414178  0.000000000   0.000000000
493  297605  2020-02-10 23:34  POLYBTC  0.00000312                      42.87418320          0  0.781414178  0.000000000   0.000000000
494  297606  2020-02-10 23:34  POLYBTC  0.00000312                      42.87418320          0  0.781414178  0.000000000   0.000000000
495  297607  2020-02-10 23:34  POLYBTC  0.00000317                      43.30642538          1  2.789753184  1.008164233   1.602564103
496  297608  2020-02-10 23:34  POLYBTC  0.00000317                      43.30642538          1  2.789753184  0.000000000   0.000000000
497  297609  2020-02-10 23:34  POLYBTC  0.00000316                      43.40620073          1  2.789753184  0.230393871  -0.315457413
498  297610  2020-02-10 23:34  POLYBTC  0.00000316                      43.40620073          1  2.789753184  0.000000000   0.000000000
499  297611  2020-02-10 23:34  POLYBTC  0.00000317                      43.40645116          1  2.789753184  0.000576945   0.316455696

493  312818  2020-02-11 08:56  POLYBTC  0.00000307                      52.67851230          0 -0.255815482   0.000000000   0.000000000
494  312819  2020-02-11 08:56  POLYBTC  0.00000307                      52.67851230          0 -0.255815482   0.000000000   0.000000000
495  312820  2020-02-11 08:56  POLYBTC  0.00000310                      59.37901192          1  3.259526656  12.719606776   0.977198697
496  312821  2020-02-11 08:56  POLYBTC  0.00000308                      59.38000984          1  3.259526656   0.001680594  -0.645161290
497  312822  2020-02-11 08:56  POLYBTC  0.00000311                      61.37720637          1  3.229309744   3.363415627   0.974025974
498  312823  2020-02-11 08:56  POLYBTC  0.00000312                      61.57522099          1  3.229309744   0.322619148   0.321543408
499  312824  2020-02-11 08:56  POLYBTC  0.00000311                      61.69960442          1  3.229309744   0.202002409  -0.320512821

493  21353  2020-02-04 04:45  POWRBTC  0.00000502                      12.98948601          0 -4.779351208  0.000000000   0.000000000
494  21354  2020-02-04 04:45  POWRBTC  0.00000502                      12.98948601          0 -4.779351208  0.000000000   0.000000000
495  21355  2020-02-04 04:45  POWRBTC  0.00000504                      13.03280428          1  2.096663985  0.333487175   0.398406375
496  21356  2020-02-04 04:45  POWRBTC  0.00000504                      13.03280428          1  2.096663985  0.000000000   0.000000000
497  21357  2020-02-04 04:45  POWRBTC  0.00000505                      13.08739983          1  1.733615846  0.418908692   0.198412698
498  21358  2020-02-04 04:45  POWRBTC  0.00000505                      13.08739983          1  1.733615846  0.000000000   0.000000000
499  21359  2020-02-04 04:45  POWRBTC  0.00000505                      13.08739983          1  1.733615846  0.000000000   0.000000000

493  56030  2020-02-05 06:03  POWRBTC  0.00000529                      23.00684709          0 -1.096649997  0.000000000   0.000000000
494  56031  2020-02-05 06:03  POWRBTC  0.00000529                      23.00684709          0 -1.096649997  0.000000000   0.000000000
495  56032  2020-02-05 06:04  POWRBTC  0.00000540                      23.47995608          1  3.189470737  2.056383424   2.079395085
496  56033  2020-02-05 06:04  POWRBTC  0.00000540                      24.08243801          1  3.189470737  2.565941469   0.000000000
497  56034  2020-02-05 06:04  POWRBTC  0.00000540                      24.46068757          1  3.189470737  1.570644799   0.000000000
498  56035  2020-02-05 06:04  POWRBTC  0.00000543                      24.68775790          1  3.068158518  0.928307225   0.555555556
499  56036  2020-02-05 06:04  POWRBTC  0.00000543                      24.82626790          1  3.068158518  0.561047304   0.000000000

493  93508  2020-02-06 02:54  POWRBTC  0.00000534                      45.72418922          0 -1.829410321  0.000000000   0.000000000
494  93509  2020-02-06 02:54  POWRBTC  0.00000529                      46.02183697          0  0.053674192  0.650963429  -0.936329588
495  93510  2020-02-06 02:54  POWRBTC  0.00000534                      46.70933523          1  2.396340461  1.493852278   0.945179584
496  93511  2020-02-06 02:54  POWRBTC  0.00000532                      46.80630294          1  2.396340461  0.207598138  -0.374531835
497  93512  2020-02-06 02:54  POWRBTC  0.00000532                      46.80630294          1  2.396340461  0.000000000   0.000000000
498  93513  2020-02-06 02:54  POWRBTC  0.00000532                      46.80630294          1  2.396340461  0.000000000   0.000000000
499  93514  2020-02-06 02:54  POWRBTC  0.00000532                      46.80630294          1  2.396340461  0.000000000   0.000000000

492  204378  2020-02-09 08:45  POWRBTC  0.00000537                      10.99098880          0 -1.785918344  0.000000000   0.000000000
493  204379  2020-02-09 08:45  POWRBTC  0.00000537                      10.95820101          0 -3.754194414 -0.298315198   0.000000000
494  204380  2020-02-09 08:45  POWRBTC  0.00000537                      10.95820101          0 -3.754194414  0.000000000   0.000000000
495  204381  2020-02-09 08:45  POWRBTC  0.00000541                      11.10339636          1  2.901612675  1.324992577   0.744878957
496  204382  2020-02-09 08:45  POWRBTC  0.00000541                      11.45599311          1  2.087500105  3.175575640   0.000000000
497  204383  2020-02-09 08:45  POWRBTC  0.00000541                      11.49487478          1  2.087500105  0.339400257   0.000000000
498  204384  2020-02-09 08:45  POWRBTC  0.00000541                      11.50494279          1  2.087500105  0.087586948   0.000000000
499  204385  2020-02-09 08:45  POWRBTC  0.00000541                      11.51317681          1  2.087500105  0.071569413   0.000000000

494  219713  2020-02-09 22:54  POWRBTC  0.00000558                      13.03363528          0 -0.143518518  0.000000000   0.000000000
495  219714  2020-02-09 22:54  POWRBTC  0.00000563                      13.70296531          1  3.160765665  5.135405554   0.896057348
496  219715  2020-02-09 22:54  POWRBTC  0.00000563                      13.92776558          1  3.160765665  1.640522799   0.000000000
497  219716  2020-02-09 22:54  POWRBTC  0.00000563                      14.20596469          1  2.884100371  1.997442507   0.000000000
498  219717  2020-02-09 22:54  POWRBTC  0.00000564                      14.21125714          1  2.884100371  0.037255126   0.177619893
499  219718  2020-02-09 22:54  POWRBTC  0.00000564                      14.21125714          1  2.884100371  0.000000000   0.000000000

493  89547  2020-02-16 09:43  NEBLBTC  0.00008546                      32.39455196          0  0.878326295  0.000000000   0.000000000
494  89548  2020-02-16 09:43  NEBLBTC  0.00008546                      32.39455196          0  0.878326295  0.000000000   0.000000000
495  89549  2020-02-16 09:43  NEBLBTC  0.00008589                      32.56378001          1  3.134477765  0.522396637   0.503159373
496  89550  2020-02-16 09:43  NEBLBTC  0.00008600                      32.77994281          1  3.134477765  0.663813599   0.128070788
497  89551  2020-02-16 09:43  NEBLBTC  0.00008614                      32.97907271          1  2.819853886  0.607474824   0.162790698
498  89552  2020-02-16 09:43  NEBLBTC  0.00008614                      32.97907271          1  2.819853886  0.000000000   0.000000000
499  89553  2020-02-16 09:43  NEBLBTC  0.00008614                      32.98243217          1  2.819853886  0.010186642   0.000000000

490  91484  2020-02-16 10:21  NEBLBTC  0.00009031                      44.20923704          0  1.146777058  0.000000000   0.000000000
491  91485  2020-02-16 10:21  NEBLBTC  0.00009031                      44.20923704          0  1.146777058  0.000000000   0.000000000
492  91486  2020-02-16 10:21  NEBLBTC  0.00009031                      44.20923704          0  1.146777058  0.000000000   0.000000000
493  91487  2020-02-16 10:21  NEBLBTC  0.00009031                      44.20923704          0  1.146777058  0.000000000   0.000000000
494  91488  2020-02-16 10:21  NEBLBTC  0.00009031                      44.20923704          0  1.146777058  0.000000000   0.000000000
495  91489  2020-02-16 10:21  NEBLBTC  0.00009100                      45.04145129          1  2.939944942  1.882444271   0.764034991
496  91490  2020-02-16 10:21  NEBLBTC  0.00009100                      45.04145129          1  2.939944942  0.000000000   0.000000000
497  91491  2020-02-16 10:21  NEBLBTC  0.00009100                      45.05992435          1  2.939944942  0.041013465   0.000000000
498  91492  2020-02-16 10:21  NEBLBTC  0.00009100                      45.06074335          1  2.939944942  0.001817580   0.000000000
499  91493  2020-02-16 10:21  NEBLBTC  0.00009100                      45.07894335          1  2.939944942  0.040389924   0.000000000

WIN
=====================
small
492  84212  LRCBTC  0.00000358                      32.99579320          0 -3.012063629  0.000000000   0.000000000
493  84213  LRCBTC  0.00000358                      32.99579320          0 -3.012063629  0.000000000   0.000000000
494  84214  LRCBTC  0.00000358                      32.99579320          0 -3.012063629  0.000000000   0.000000000
495  84215  LRCBTC  0.00000360                      33.25293487          1  1.574690024  0.779316528   0.558659218-------------------------------------------------------
496  84216  LRCBTC  0.00000360                      33.25293487          1  1.574690024  0.000000000   0.000000000
497  84217  LRCBTC  0.00000360                      33.25725487          1  1.574690024  0.012991334   0.000000000
498  84218  LRCBTC  0.00000360                      33.25725487          1  1.574690024  0.000000000   0.000000000
499  84219  LRCBTC  0.00000360                      33.26157487          1  1.574690024  0.012989647   0.000000000

medium
488  59284  LRCBTC  0.00000333                      23.38790096          0 -3.771354558  0.000000000   0.000000000
489  59285  LRCBTC  0.00000333                      23.38790096          0 -3.771354558  0.000000000   0.000000000
490  59286  LRCBTC  0.00000333                      23.38790096          0 -3.771354558  0.000000000   0.000000000
491  59287  LRCBTC  0.00000333                      23.38790096          0 -3.771354558  0.000000000   0.000000000
492  59288  LRCBTC  0.00000333                      23.38790096          0 -3.771354558  0.000000000   0.000000000
493  59289  LRCBTC  0.00000333                      23.38790096          0 -3.771354558  0.000000000   0.000000000
494  59290  LRCBTC  0.00000333                      23.38790096          0 -3.771354558  0.000000000   0.000000000
495  59291  LRCBTC  0.00000336                      23.88154226          1  2.053469235  2.110669533   0.900900901-------------------------------------------------------
496  59292  LRCBTC  0.00000336                      23.91514226          1  2.053469235  0.140694431   0.000000000
497  59293  LRCBTC  0.00000336                      23.91514226          1  2.053469235  0.000000000   0.000000000
498  59294  LRCBTC  0.00000336                      23.91514226          1  2.053469235  0.000000000   0.000000000
499  59295  LRCBTC  0.00000336                      23.94151490          1  2.053469235  0.110275907   0.000000000

big
492  90778  LRCBTC  0.00000368                      46.48063030          0 -3.172326577  0.017555683   0.272479564
493  90779  LRCBTC  0.00000368                      46.48063030          0 -3.172326577  0.000000000   0.000000000
494  90780  LRCBTC  0.00000368                      46.48063030          0 -3.172326577  0.000000000   0.000000000
495  90781  LRCBTC  0.00000369                      46.49122429          1  0.354719969  0.022792268   0.271739130
496  90782  LRCBTC  0.00000369                      46.49122429          1  0.354719969  0.000000000   0.000000000
497  90783  LRCBTC  0.00000369                      46.49122429          1  0.354719969  0.000000000   0.000000000
498  90784  LRCBTC  0.00000369                      46.49122429          1  0.354719969  0.000000000   0.000000000
499  90785  LRCBTC  0.00000372                      46.97436880          1  3.007429844  1.039216578   0.813008130

small
492  182798  LRCBTC  0.00000373                      25.04360052          0 -0.130606644  0.000000000   0.000000000
493  182799  LRCBTC  0.00000373                      25.04360052          0 -0.130606644  0.000000000   0.000000000
494  182800  LRCBTC  0.00000373                      25.04360052          0 -0.130606644  0.000000000   0.000000000
495  182801  LRCBTC  0.00000374                      25.23281460          1  2.450903296  0.755538645   0.268096515
496  182802  LRCBTC  0.00000374                      25.23308388          1  2.450903296  0.001067182   0.000000000
497  182803  LRCBTC  0.00000374                      25.23319608          1  2.450903296  0.000444654   0.000000000
498  182804  LRCBTC  0.00000374                      25.23689494          1  2.450903296  0.014658706   0.000000000
499  182805  LRCBTC  0.00000375                      25.23880744          1  2.450903296  0.007578191   0.267379679

small
493  75629  ARKBTC  0.00002096                      24.25072584          0 -2.971338708  0.000000000   0.000000000
494  75630  ARKBTC  0.00002096                      24.25072584          0 -2.971338708  0.000000000   0.000000000
495  75631  ARKBTC  0.00002130                      24.56421800          1  2.876407496  1.292712482   1.622137405
496  75632  ARKBTC  0.00002141                      24.62843937          1  2.876407496  0.261442762   0.516431925
497  75633  ARKBTC  0.00002142                      24.71730438          1  2.261592677  0.360822741   0.046707146
498  75634  ARKBTC  0.00002125                      24.72292476          1  2.261592677  0.022738645  -0.793650794
499  75635  ARKBTC  0.00002141                      24.72593781          1  2.261592677  0.012187272   0.752941176

small win ilk alırsan almazsan loss
493  75896  ARKBTC  0.00002157                      26.17799097          0 -0.544578878  0.000000000   0.000000000
494  75897  ARKBTC  0.00002157                      26.17799097          0 -0.544578878  0.000000000   0.000000000
495  75898  ARKBTC  0.00002179                      26.63136227          1  2.829546927  1.731879656   1.019935095
496  75899  ARKBTC  0.00002177                      26.63613322          1  2.829546927  0.017914780  -0.091785223
497  75900  ARKBTC  0.00002188                      26.67971923          1  2.829546927  0.163634900   0.505282499
498  75901  ARKBTC  0.00002189                      26.68522219          1  2.829546927  0.020626004   0.045703839
499  75902  ARKBTC  0.00002196                      26.68647314          1  2.829546927  0.004687801   0.319780722

small
492  343085  ARKBTC  0.00002282                      18.71173263          0 -1.299919030  0.000000000   0.000000000
493  343086  ARKBTC  0.00002282                      18.71173263          0 -1.299919030  0.000000000   0.000000000
494  343087  ARKBTC  0.00002288                      18.71420367          0 -1.299919030  0.013205832   0.262927257
495  343088  ARKBTC  0.00002289                      18.76385498          1  2.814196756  0.265313507   0.043706294
496  343089  ARKBTC  0.00002298                      18.81365836          1  2.814196756  0.265421898   0.393184797
497  343090  ARKBTC  0.00002298                      18.85155238          1  2.814196756  0.201417605   0.000000000
498  343091  ARKBTC  0.00002299                      18.99628743          1  2.814196756  0.767761970   0.043516101
499  343092  ARKBTC  0.00002300                      19.12067607          1  2.814196756  0.654805000   0.043497173

big
493  343760  ARKBTC  0.00002488                      24.88078221          0  2.690383530  0.181316079   0.040209087
494  343761  ARKBTC  0.00002493                      24.89801436          0  2.690383530  0.069258876   0.200964630
495  343762  ARKBTC  0.00002495                      25.00619842          1  3.093408469  0.434508786   0.080224629
496  343763  ARKBTC  0.00002492                      25.11950626          1  3.093408469  0.453119015  -0.120240481
497  343764  ARKBTC  0.00002488                      25.13376588          1  3.093408469  0.056767119  -0.160513644
498  343765  ARKBTC  0.00002500                      25.15084886          1  3.093408469  0.067968247   0.482315113
499  343766  ARKBTC  0.00002515                      25.55971232          1  3.093408469  1.625644774   0.600000000

small
493  127266  2020-02-07 08:20  OAXBTC  0.00000572                      24.68439449          0  0.056047562  0.000000000   0.000000000
494  127267  2020-02-07 08:20  OAXBTC  0.00000572                      24.68439449          0  0.056047562  0.000000000   0.000000000
495  127268  2020-02-07 08:20  OAXBTC  0.00000578                      25.24134580          1  2.530805749  2.256289131   1.048951049
496  127269  2020-02-07 08:20  OAXBTC  0.00000578                      25.25685932          1  2.530805749  0.061460748   0.000000000
497  127270  2020-02-07 08:20  OAXBTC  0.00000578                      25.25685932          1  2.530805749  0.000000000   0.000000000
498  127271  2020-02-07 08:20  OAXBTC  0.00000578                      25.25685932          1  2.530805749  0.000000000   0.000000000
499  127272  2020-02-07 08:20  OAXBTC  0.00000578                      25.25935628          1  2.530805749  0.009886265   0.000000000

small
131377  131378  POLYBTC  0.00000262                      20.63452033          0 -1.074544990  0.000000000   0.000000000
131378  131379  POLYBTC  0.00000262                      20.63452033          0 -1.074544990  0.000000000   0.000000000
131379  131380  POLYBTC  0.00000262                      20.63452033          0 -1.074544990  0.000000000   0.000000000
131380  131381  POLYBTC  0.00000265                      21.48437212          1  2.730300375  4.118592419   1.145038168
131381  131382  POLYBTC  0.00000265                      21.48437212          1  2.730300375  0.000000000   0.000000000
131382  131383  POLYBTC  0.00000263                      21.48500069          1  2.730300375  0.002925708  -0.754716981
131383  131384  POLYBTC  0.00000265                      21.49055005          1  2.730300375  0.025828996   0.760456274
131384  131385  POLYBTC  0.00000265                      21.50255720          1  2.730300375  0.055871767   0.000000000
131385  131386  POLYBTC  0.00000265                      21.50255720          1  2.730300375  0.000000000   0.000000000
131386  131387  POLYBTC  0.00000266                      21.50798360          1  2.730300375  0.025236068   0.377358491
131387  131388  POLYBTC  0.00000266                      21.72815869          1  2.954911117  1.023690059   0.000000000

medium - tesaduf
178851  178852  POLYBTC  0.00000292                      38.04047663          0 -0.458719565  0.000000000   0.000000000
178852  178853  POLYBTC  0.00000292                      38.04047663          0 -0.458719565  0.000000000   0.000000000
178853  178854  POLYBTC  0.00000294                      38.37740170          1  3.237327159  0.885701494   0.684931507
178854  178855  POLYBTC  0.00000294                      38.49401118          1  2.179261300  0.303849335   0.000000000
178855  178856  POLYBTC  0.00000294                      38.49401118          1  2.179261300  0.000000000   0.000000000
178856  178857  POLYBTC  0.00000294                      38.49401118          1  2.179261300  0.000000000   0.000000000
178857  178858  POLYBTC  0.00000294                      38.49401118          1  2.179261300  0.000000000   0.000000000
178858  178859  POLYBTC  0.00000294                      38.49401118          1  2.179261300  0.000000000   0.000000000
178859  178860  POLYBTC  0.00000294                      38.49401118          1  2.179261300  0.000000000   0.000000000
178860  178861  POLYBTC  0.00000294                      38.49401118          1  2.179261300  0.000000000   0.000000000
178861  178862  POLYBTC  0.00000294                      38.49401118          1  2.179261300  0.000000000   0.000000000
178862  178863  POLYBTC  0.00000294                      38.49401118          1  2.179261300  0.000000000   0.000000000
178863  178864  POLYBTC  0.00000294                      38.49401118          1  2.179261300  0.000000000   0.000000000
178864  178865  POLYBTC  0.00000294                      38.49401118          1  2.179261300  0.000000000   0.000000000
178865  178866  POLYBTC  0.00000294                      38.49401118          1  2.179261300  0.000000000   0.000000000
178866  178867  POLYBTC  0.00000294                      38.49401118          1  2.179261300  0.000000000   0.000000000
178867  178868  POLYBTC  0.00000294                      38.49401118          1  2.179261300  0.000000000   0.000000000
178868  178869  POLYBTC  0.00000294                      38.49401118          1  2.179261300  0.000000000   0.000000000
178869  178870  POLYBTC  0.00000296                      38.50322270          1  2.179261300  0.023929748   0.680272109
178870  178871  POLYBTC  0.00000296                      38.50322270          1  2.179261300  0.000000000   0.000000000
178871  178872  POLYBTC  0.00000296                      38.50322270          1  2.179261300  0.000000000   0.000000000
178872  178873  POLYBTC  0.00000296                      38.50322270          1  2.179261300  0.000000000   0.000000000
178873  178874  POLYBTC  0.00000296                      38.50322270          1  2.179261300  0.000000000   0.000000000
178874  178875  POLYBTC  0.00000300                      39.81377362          1  3.009753730  3.403743448   1.351351351
178875  178876  POLYBTC  0.00000300                      40.01937562          1  3.009753730  0.516409226   0.000000000
178876  178877  POLYBTC  0.00000300                      40.01937562          1  3.009753730  0.000000000   0.000000000

small
182048  182049  POLYBTC  0.00000296                      92.34934794          0 -0.090591460  0.000000000   0.000000000
182049  182050  POLYBTC  0.00000296                      92.34934794          0 -0.090591460  0.000000000   0.000000000
182050  182051  POLYBTC  0.00000296                      92.34934794          0 -0.090591460  0.000000000   0.000000000
182051  182052  POLYBTC  0.00000296                      92.34934794          0 -0.090591460  0.000000000   0.000000000
182052  182053  POLYBTC  0.00000298                      92.69945582          1  3.238468303  0.379112455   0.675675676
182053  182054  POLYBTC  0.00000298                      92.86505744          1  2.041361803  0.178643573   0.000000000
182054  182055  POLYBTC  0.00000298                      92.86663982          1  2.041361803  0.001703956   0.000000000
182055  182056  POLYBTC  0.00000300                      92.87471192          1  2.041361803  0.008692142   0.671140940
182056  182057  POLYBTC  0.00000298                      92.87574300          1  2.041361803  0.001110184  -0.666666667
182057  182058  POLYBTC  0.00000297                      92.90023457          1  2.041361803  0.026370255  -0.335570470
182058  182059  POLYBTC  0.00000298                      92.99942543          1  2.041361803  0.106771377   0.336700337
182059  182060  POLYBTC  0.00000298                      92.99942543          1  2.041361803  0.000000000   0.000000000

small
492  186594  2020-02-08 05:14  POLYBTC  0.00000301                      98.33488231          0  0.338657480  0.051049335   0.000000000
493  186595  2020-02-08 05:14  POLYBTC  0.00000301                      98.33488231          0  0.338657480  0.000000000   0.000000000
494  186596  2020-02-08 05:14  POLYBTC  0.00000301                      98.33488231          0  0.338657480  0.000000000   0.000000000
495  186597  2020-02-08 05:14  POLYBTC  0.00000305                      98.81933150          1  2.618846055  0.492652433   1.328903654
496  186598  2020-02-08 05:14  POLYBTC  0.00000306                      98.83692490          1  2.618846055  0.017803602   0.327868852
497  186599  2020-02-08 05:14  POLYBTC  0.00000303                      98.83712488          1  2.618846055  0.000202333  -0.980392157
498  186600  2020-02-08 05:14  POLYBTC  0.00000303                      98.83917316          1  2.618846055  0.002072379   0.000000000
499  186601  2020-02-08 05:14  POLYBTC  0.00000304                      98.83967476          1  2.618846055  0.000507491   0.330033003

medium
195770  2020-02-08 09:24  POLYBTC  0.00000300                     124.03994198          0 -0.448036703  0.000000000   0.000000000
493  195771  2020-02-08 09:24  POLYBTC  0.00000300                     124.03994198          0 -0.448036703  0.000000000   0.000000000
494  195772  2020-02-08 09:24  POLYBTC  0.00000300                     124.03994198          0 -0.448036703  0.000000000   0.000000000
495  195773  2020-02-08 09:24  POLYBTC  0.00000303                     125.09456328          1  3.160817064  0.850227179   1.000000000
496  195774  2020-02-08 09:24  POLYBTC  0.00000303                     125.31854027          1  2.763570714  0.179046142   0.000000000
497  195775  2020-02-08 09:24  POLYBTC  0.00000305                     125.34463706          1  2.763570714  0.020824365   0.660066007
498  195776  2020-02-08 09:24  POLYBTC  0.00000305                     125.34463706          1  2.763570714  0.000000000   0.000000000
499  195777  2020-02-08 09:24  POLYBTC  0.00000305                     125.34463706          1  2.763570714  0.000000000   0.000000000

small
 196700  POLYBTC  0.00000325                     151.01936559          0  1.572168286  0.000000000   0.000000000
196700  196701  POLYBTC  0.00000325                     151.01936559          0  1.572168286  0.000000000   0.000000000
196701  196702  POLYBTC  0.00000326                     151.98233938          1  3.089219525  0.637649209   0.307692308
196702  196703  POLYBTC  0.00000326                     151.98233938          1  3.089219525  0.000000000   0.000000000
196703  196704  POLYBTC  0.00000326                     151.98944944          1  3.089219525  0.004678215   0.000000000
196704  196705  POLYBTC  0.00000328                     151.99006280          1  3.089219525  0.000403554   0.613496933
196705  196706  POLYBTC  0.00000328                     152.01510232          1  3.089219525  0.016474445   0.000000000
196706  196707  POLYBTC  0.00000328                     152.01510232          1  3.089219525  0.000000000   0.000000000
196707  196708  POLYBTC  0.00000335                     152.31104550          1  2.685672404  0.194680118   2.134146341
196708  196709  POLYBTC  0.00000334                     152.31959256          1  2.685672404  0.005611583  -0.298507463

small
493  293734  2020-02-10 21:38  POLYBTC  0.00000307                      35.34490686          0 -2.319450856  0.000000000   0.000000000
494  293735  2020-02-10 21:38  POLYBTC  0.00000307                      35.34490686          0 -2.319450856  0.000000000   0.000000000
495  293736  2020-02-10 21:38  POLYBTC  0.00000311                      35.48194800          1  2.861171669  0.387725283   1.302931596
496  293737  2020-02-10 21:38  POLYBTC  0.00000311                      35.55286757          1  1.997087028  0.199875075   0.000000000
497  293738  2020-02-10 21:38  POLYBTC  0.00000311                      35.57460647          1  1.997087028  0.061145279   0.000000000
498  293739  2020-02-10 21:38  POLYBTC  0.00000310                      35.58121192          1  1.997087028  0.018567879  -0.321543408
499  293740  2020-02-10 21:38  POLYBTC  0.00000310                      35.58121192          1  1.997087028  0.000000000   0.000000000

small
493  236625  2020-02-10 10:20  POWRBTC  0.00000554                      19.72534595          0 -0.872652642  0.000000000   0.000000000
494  236626  2020-02-10 10:20  POWRBTC  0.00000554                      19.72534595          0 -0.872652642  0.000000000   0.000000000
495  236627  2020-02-10 10:21  POWRBTC  0.00000558                      20.08150963          1  3.169187664  1.805614365   0.722021661
496  236628  2020-02-10 10:21  POWRBTC  0.00000557                      20.78812919          1  3.169187664  3.518757170  -0.179211470
497  236629  2020-02-10 10:21  POWRBTC  0.00000559                      20.89709431          1  2.905047958  0.524169919   0.359066427
498  236630  2020-02-10 10:21  POWRBTC  0.00000557                      20.95210669          1  2.905047958  0.263253729  -0.357781753
499  236631  2020-02-10 10:21  POWRBTC  0.00000561                      21.05745127          1  2.905047958  0.502787531   0.718132855

small
493  252874  2020-02-10 17:37  POWRBTC  0.00000570                      38.18498645          0 -1.628453240  0.135589432   0.000000000
494  252875  2020-02-10 17:37  POWRBTC  0.00000570                      38.18498645          0 -1.628453240  0.000000000   0.000000000
495  252876  2020-02-10 17:37  POWRBTC  0.00000574                      38.35974656          1  3.046097298  0.457667073   0.701754386
496  252877  2020-02-10 17:38  POWRBTC  0.00000573                      38.82905253          1  2.440056516  1.223433448  -0.174216028
497  252878  2020-02-10 17:38  POWRBTC  0.00000573                      38.86280239          1  2.440056516  0.086919092   0.000000000
498  252879  2020-02-10 17:38  POWRBTC  0.00000577                      38.89927489          1  2.440056516  0.093849382   0.698080279
499  252880  2020-02-10 17:38  POWRBTC  0.00000574                      38.90137071          1  2.440056516  0.005387813  -0.519930676

big
492  72276  2020-02-15 15:24  ONGBTC  0.00002296                      43.70985870          0  0.291421891  0.000000000   0.000000000
493  72277  2020-02-15 15:24  ONGBTC  0.00002296                      43.70985870          0  0.291421891  0.000000000   0.000000000
494  72278  2020-02-15 15:24  ONGBTC  0.00002296                      43.70985870          0  0.291421891  0.000000000   0.000000000
495  72279  2020-02-15 15:24  ONGBTC  0.00002307                      44.06467365          1  2.541957102  0.811750394   0.479094077
496  72280  2020-02-15 15:24  ONGBTC  0.00002307                      44.06559645          1  2.541957102  0.002094195   0.000000000
497  72281  2020-02-15 15:24  ONGBTC  0.00002308                      44.07262525          1  2.541957102  0.015950766   0.043346337
498  72282  2020-02-15 15:24  ONGBTC  0.00002327                      44.07492779          1  2.541957102  0.005224422   0.823223570
499  72283  2020-02-15 15:25  ONGBTC  0.00002327                      44.07492779          1  2.541957102  0.000000000   0.000000000

big
74261  SKYBTC  0.00006536                      32.56834635          0 -2.030686382  0.000000000   0.000000000
74262  SKYBTC  0.00006536                      32.56834635          0 -2.030686382  0.000000000   0.000000000
74263  SKYBTC  0.00006536                      32.56834635          0 -2.030686382  0.000000000   0.000000000
74264  SKYBTC  0.00006536                      32.56834635          0 -2.030686382  0.000000000   0.000000000
74265  SKYBTC  0.00006536                      32.56834635          0 -2.030686382  0.000000000   0.000000000
74266  SKYBTC  0.00006597                      32.76184057          1  3.045405629  0.594117423   0.933292534
74267  SKYBTC  0.00006597                      32.76184057          1  3.045405629  0.000000000   0.000000000
74268  SKYBTC  0.00006544                      32.76413101          1  3.045405629  0.006991182  -0.803395483
74269  SKYBTC  0.00006554                      32.96580753          1  1.932499281  0.615540574   0.152811736
74270  SKYBTC  0.00006554                      32.96580753          1  1.932499281  0.000000000   0.000000000


small
492  89643  2020-02-16 09:45  NEBLBTC  0.00008596                      33.15601215          0  0.175142591  0.000000000   0.000000000
493  89644  2020-02-16 09:45  NEBLBTC  0.00008596                      33.15601215          0  0.175142591  0.000000000   0.000000000
494  89645  2020-02-16 09:45  NEBLBTC  0.00008596                      33.15601215          0  0.175142591  0.000000000   0.000000000
495  89646  2020-02-16 09:45  NEBLBTC  0.00008650                      33.67794333          1  2.762875700  1.574167538   0.628199162
496  89647  2020-02-16 09:45  NEBLBTC  0.00008650                      33.67794333          1  2.762875700  0.000000000   0.000000000
497  89648  2020-02-16 09:45  NEBLBTC  0.00008651                      33.68036561          1  2.762875700  0.007192482   0.011560694
498  89649  2020-02-16 09:45  NEBLBTC  0.00008651                      33.68053863          1  2.762875700  0.000513712   0.000000000
499  89650  2020-02-16 09:45  NEBLBTC  0.00008650                      33.68745863          1  2.762875700  0.020545990  -0.011559357

medium
101280  NEBLBTC  0.00009216                      70.93468616          0  0.188136345  0.000000000   0.000000000
101281  NEBLBTC  0.00009216                      70.93468616          0  0.188136345  0.000000000   0.000000000
101282  NEBLBTC  0.00009249                      71.13922475          1  3.105282114  0.288347776   0.358072917
101283  NEBLBTC  0.00009249                      71.48227016          1  0.895722128  0.482216964   0.000000000
101284  NEBLBTC  0.00009249                      71.48227016          1  0.895722128  0.000000000   0.000000000
101285  NEBLBTC  0.00009256                      71.48578569          1  0.895722128  0.004918045   0.075683858
101286  NEBLBTC  0.00009256                      71.48578569          1  0.895722128  0.000000000   0.000000000

medium
40635  ANKRBTC  0.00000030                     194.45527638          0  2.194152482  0.000000000   0.000000000
40636  ANKRBTC  0.00000030                     194.45527638          0  2.194152482  0.000000000   0.000000000
40637  ANKRBTC  0.00000030                     194.45527638          0  2.194152482  0.000000000   0.000000000
40638  ANKRBTC  0.00000030                     194.45527638          0  2.194152482  0.000000000   0.000000000
40639  ANKRBTC  0.00000030                     194.45527638          0  2.194152482  0.000000000   0.000000000
40640  ANKRBTC  0.00000031                     195.04585893          0  2.194152482  0.303711250   3.333333333
40641  ANKRBTC  0.00000031                     195.23593153          1  2.611782389  0.097450210   0.000000000
40642  ANKRBTC  0.00000032                     196.23677729          1  3.127162121  0.512633997   3.225806452
40643  ANKRBTC  0.00000032                     196.23677729          1  3.127162121  0.000000000   0.000000000
40644  ANKRBTC  0.00000032                     196.23677729          1  3.127162121  0.000000000   0.000000000
40645  ANKRBTC  0.00000032                     197.56919169          0  1.134272217  0.678983022   0.000000000

big
44105  SYSBTC  0.00000363                      29.28308141          0  2.185662601  0.000520645  -1.089918256
44106  SYSBTC  0.00000367                      29.96519495          1  3.209257325  2.329377604   1.101928375
44107  SYSBTC  0.00000367                      29.96519495          1  3.209257325  0.000000000   0.000000000
44108  SYSBTC  0.00000367                      29.96519495          1  3.209257325  0.000000000   0.000000000
44109  SYSBTC  0.00000367                      29.89533016          1  3.209257325 -0.233153130   0.000000000
44110  SYSBTC  0.00000367                      30.54417882          1  2.872471341  2.170401386   0.000000000


==================================

big
44105  SYSBTC  0.00000363                      29.28308141          0  2.185662601  0.000520645  -1.089918256
44106  SYSBTC  0.00000367                      29.96519495          1  3.209257325  2.329377604   1.101928375
44107  SYSBTC  0.00000367                      29.96519495          1  3.209257325  0.000000000   0.000000000
44108  SYSBTC  0.00000367                      29.96519495          1  3.209257325  0.000000000   0.000000000
44109  SYSBTC  0.00000367                      29.89533016          1  3.209257325 -0.233153130   0.000000000
44110  SYSBTC  0.00000367                      30.54417882          1  2.872471341  2.170401386   0.000000000


big
74261  SKYBTC  0.00006536                      32.56834635          0 -2.030686382  0.000000000   0.000000000
74262  SKYBTC  0.00006536                      32.56834635          0 -2.030686382  0.000000000   0.000000000
74263  SKYBTC  0.00006536                      32.56834635          0 -2.030686382  0.000000000   0.000000000
74264  SKYBTC  0.00006536                      32.56834635          0 -2.030686382  0.000000000   0.000000000
74265  SKYBTC  0.00006536                      32.56834635          0 -2.030686382  0.000000000   0.000000000
74266  SKYBTC  0.00006597                      32.76184057          1  3.045405629  0.594117423   0.933292534
74267  SKYBTC  0.00006597                      32.76184057          1  3.045405629  0.000000000   0.000000000
74268  SKYBTC  0.00006544                      32.76413101          1  3.045405629  0.006991182  -0.803395483
74269  SKYBTC  0.00006554                      32.96580753          1  1.932499281  0.615540574   0.152811736
74270  SKYBTC  0.00006554                      32.96580753          1  1.932499281  0.000000000   0.000000000


big
492  72276  2020-02-15 15:24  ONGBTC  0.00002296                      43.70985870          0  0.291421891  0.000000000   0.000000000
493  72277  2020-02-15 15:24  ONGBTC  0.00002296                      43.70985870          0  0.291421891  0.000000000   0.000000000
494  72278  2020-02-15 15:24  ONGBTC  0.00002296                      43.70985870          0  0.291421891  0.000000000   0.000000000
495  72279  2020-02-15 15:24  ONGBTC  0.00002307                      44.06467365          1  2.541957102  0.811750394   0.479094077
496  72280  2020-02-15 15:24  ONGBTC  0.00002307                      44.06559645          1  2.541957102  0.002094195   0.000000000
497  72281  2020-02-15 15:24  ONGBTC  0.00002308                      44.07262525          1  2.541957102  0.015950766   0.043346337
498  72282  2020-02-15 15:24  ONGBTC  0.00002327                      44.07492779          1  2.541957102  0.005224422   0.823223570
499  72283  2020-02-15 15:25  ONGBTC  0.00002327                      44.07492779          1  2.541957102  0.000000000   0.000000000


big
493  343760  ARKBTC  0.00002488                      24.88078221          0  2.690383530  0.181316079   0.040209087
494  343761  ARKBTC  0.00002493                      24.89801436          0  2.690383530  0.069258876   0.200964630
495  343762  ARKBTC  0.00002495                      25.00619842          1  3.093408469  0.434508786   0.080224629
496  343763  ARKBTC  0.00002492                      25.11950626          1  3.093408469  0.453119015  -0.120240481
497  343764  ARKBTC  0.00002488                      25.13376588          1  3.093408469  0.056767119  -0.160513644
498  343765  ARKBTC  0.00002500                      25.15084886          1  3.093408469  0.067968247   0.482315113
499  343766  ARKBTC  0.00002515                      25.55971232          1  3.093408469  1.625644774   0.600000000

big
492  90778  LRCBTC  0.00000368                      46.48063030          0 -3.172326577  0.017555683   0.272479564
493  90779  LRCBTC  0.00000368                      46.48063030          0 -3.172326577  0.000000000   0.000000000
494  90780  LRCBTC  0.00000368                      46.48063030          0 -3.172326577  0.000000000   0.000000000
495  90781  LRCBTC  0.00000369                      46.49122429          1  0.354719969  0.022792268   0.271739130
496  90782  LRCBTC  0.00000369                      46.49122429          1  0.354719969  0.000000000   0.000000000
497  90783  LRCBTC  0.00000369                      46.49122429          1  0.354719969  0.000000000   0.000000000
498  90784  LRCBTC  0.00000369                      46.49122429          1  0.354719969  0.000000000   0.000000000
499  90785  LRCBTC  0.00000372                      46.97436880          1  3.007429844  1.039216578   0.813008130

