############################################################################################################################################
BUY COND 2
##########################################################################################################################################
=======================================================================================================================================
WIN CONDITIONS
=======================================================================================================================================

127267  127268  OAXBTC  0.00000578                      25.24134580          1  2.635184098  2.256289131   1.048951049
127268  127269  OAXBTC  0.00000578                      25.25685932          1  2.635184098  0.061460748   0.000000000
127269  127270  OAXBTC  0.00000578                      25.25685932          1  2.635184098  0.000000000   0.000000000
127270  127271  OAXBTC  0.00000578                      25.25685932          1  2.635184098  0.000000000   0.000000000
127271  127272  OAXBTC  0.00000578                      25.25935628          1  2.635184098  0.009886265   0.000000000
127272  127273  OAXBTC  0.00000578                      25.25935628          1  2.635184098  0.000000000   0.000000000
127273  127274  OAXBTC  0.00000578                      25.25935628          1  2.635184098  0.000000000   0.000000000
127274  127275  OAXBTC  0.00000585                      25.99894306          1  1.961472376  2.927971607   1.211072664



236625  236626  POWRBTC  0.00000554                      19.72534595          0  0.084379128  0.000000000   0.000000000
236626  236627  POWRBTC  0.00000558                      20.08150963          1  3.183926528  1.805614365   0.722021661
236627  236628  POWRBTC  0.00000557                      20.78812919          1  3.183926528  3.518757170  -0.179211470
236628  236629  POWRBTC  0.00000559                      20.89709431          1  3.057980742  0.524169919   0.359066427
236629  236630  POWRBTC  0.00000557                      20.95210669          1  3.057980742  0.263253729  -0.357781753
236630  236631  POWRBTC  0.00000561                      21.05745127          1  1.685952783  0.502787531   0.718132855
236631  236632  POWRBTC  0.00000561                      21.13349341          1  1.685952783  0.361117492   0.000000000
236632  236633  POWRBTC  0.00000564                      21.13956769          1  1.685952783  0.028742432   0.534759358

big win
473  24230  2020-02-17 13:56  WPRBTC  0.00000105                      25.84733735          0 -0.509733305  0.000000000   0.000000000
474  24231  2020-02-17 13:56  WPRBTC  0.00000105                      25.84721393          0 -0.509733305 -0.000477496   0.000000000
475  24232  2020-02-17 13:56  WPRBTC  0.00000105                      25.84721393          0 -0.509733305  0.000000000   0.000000000
476  24233  2020-02-17 13:56  WPRBTC  0.00000105                      25.84732628          0 -0.509733305  0.000434670   0.000000000
477  24234  2020-02-17 13:56  WPRBTC  0.00000105                      25.84732628          0 -0.509733305  0.000000000   0.000000000
478  24235  2020-02-17 13:56  WPRBTC  0.00000104                      25.90537596          1  2.149367632  0.224586788  -0.952380952
479  24236  2020-02-17 13:56  WPRBTC  0.00000105                      25.90737621          1  2.149367632  0.007721370   0.961538462
480  24237  2020-02-17 13:56  WPRBTC  0.00000105                      25.90737621          1  2.149367632  0.000000000   0.000000000
481  24238  2020-02-17 13:56  WPRBTC  0.00000105                      25.90750326          1  2.149367632  0.000490401   0.000000000
482  24239  2020-02-17 13:56  WPRBTC  0.00000105                      25.90761141          1  2.149367632  0.000417447   0.000000000
483  24240  2020-02-17 13:56  WPRBTC  0.00000105                      25.90771536          1  2.149367632  0.000401233   0.000000000
484  24241  2020-02-17 13:56  WPRBTC  0.00000105                      25.90782351          1  2.149367632  0.000417443   0.000000000
485  24242  2020-02-17 13:56  WPRBTC  0.00000105                      25.90782351          1  2.149367632  0.000000000   0.000000000
486  24243  2020-02-17 13:56  WPRBTC  0.00000105                      25.90782351          1  2.149367632  0.000000000   0.000000000
487  24244  2020-02-17 13:56  WPRBTC  0.00000105                      25.90792956          1  2.149367632  0.000409336   0.000000000
488  24245  2020-02-17 13:56  WPRBTC  0.00000104                      25.90807932          1  2.149367632  0.000578047  -0.952380952
489  24246  2020-02-17 13:56  WPRBTC  0.00000104                      25.90807932          1  2.149367632  0.000000000   0.000000000
490  24247  2020-02-17 13:56  WPRBTC  0.00000104                      25.90807932          1  2.149367632  0.000000000   0.000000000
491  24248  2020-02-17 13:56  WPRBTC  0.00000104                      25.90807932          1  2.149367632  0.000000000   0.000000000
492  24249  2020-02-17 13:56  WPRBTC  0.00000104                      25.90807932          1  2.149367632  0.000000000   0.000000000
493  24250  2020-02-17 13:56  WPRBTC  0.00000105                      25.90819272          1  2.149367632  0.000437701   0.961538462
494  24251  2020-02-17 13:56  WPRBTC  0.00000105                      25.90831977          1  2.149367632  0.000490385   0.000000000
495  24252  2020-02-17 13:56  WPRBTC  0.00000105                      25.90843422          1  2.149367632  0.000441750   0.000000000
496  24253  2020-02-17 13:56  WPRBTC  0.00000105                      26.16542487          1  3.048091183  0.991918878   0.000000000
497  24254  2020-02-17 13:56  WPRBTC  0.00000105                      26.16563487          1  3.048091183  0.000802586   0.000000000
498  24255  2020-02-17 13:56  WPRBTC  0.00000105                      26.16575142          1  3.048091183  0.000445432   0.000000000
499  24256  2020-02-17 13:56  WPRBTC  0.00000105                      27.30962982          1  3.224758266  4.371662719   0.000000000

https://prnt.sc/r41xap d,ikkatli bak.. yıkardakide aynı buna cevap vermesi lazım. İkisindede score yukseliyor.
bu durumdaysa ve sma 200 > 400 > 600 satın al
11129  LENDBTC  0.00000349                      77.29732387          0  1.885606551  0.106686548  -0.285714286
11130  LENDBTC  0.00000349                      77.29732387          0  1.885606551  0.000000000   0.000000000
11131  LENDBTC  0.00000349                      77.30606632          0  1.885606551  0.011310159   0.000000000
11132  LENDBTC  0.00000349                      77.32263335          0  1.885606551  0.021430440   0.000000000
11133  LENDBTC  0.00000350                      77.42092735          0  1.885606551  0.127121899   0.286532951
11134  LENDBTC  0.00000350                      77.42092735          0  1.885606551  0.000000000   0.000000000
11135  LENDBTC  0.00000350                      77.42092735          0  1.885606551  0.000000000   0.000000000
11136  LENDBTC  0.00000350                      77.42092735          0  1.885606551  0.000000000   0.000000000
11137  LENDBTC  0.00000350                      77.44559885          0  1.885606551  0.031866707   0.000000000
11138  LENDBTC  0.00000350                      77.44559885          0  1.885606551  0.000000000   0.000000000
11139  LENDBTC  0.00000350                      77.44559885          0  1.885606551  0.000000000   0.000000000
11140  LENDBTC  0.00000352                      77.97094315          1  2.802948200  0.678339774   0.571428571
11141  LENDBTC  0.00000352                      77.97117899          1  2.802948200  0.000302472   0.000000000
11142  LENDBTC  0.00000352                      77.97117899          1  2.802948200  0.000000000   0.000000000
11143  LENDBTC  0.00000353                      77.97142962          1  2.802948200  0.000321439   0.284090909
11144  LENDBTC  0.00000353                      77.97142962          1  2.802948200  0.000000000   0.000000000
11145  LENDBTC  0.00000353                      77.97429918          1  2.802948200  0.003680271   0.000000000
11146  LENDBTC  0.00000353                      77.97564411          1  2.802948200  0.001724838   0.000000000
11147  LENDBTC  0.00000353                      77.97600770          1  2.802948200  0.000466287   0.000000000
11148  LENDBTC  0.00000353                      77.97600770          1  2.802948200  0.000000000   0.000000000
11149  LENDBTC  0.00000353                      77.97664867          1  2.802948200  0.000822009   0.000000000
11150  LENDBTC  0.00000353                      77.98077377          1  2.802948200  0.005290173   0.000000000
11151  LENDBTC  0.00000352                      78.00648033          1  2.802948200  0.032965254  -0.283286119
11152  LENDBTC  0.00000353                      78.13356033          1  2.802948200  0.162909542   0.284090909
11153  LENDBTC  0.00000353                      78.13571363          1  2.802948200  0.002755922   0.000000000
11154  LENDBTC  0.00000353                      78.13571363          1  2.802948200  0.000000000   0.000000000
11155  LENDBTC  0.00000353                      78.13571363          1  2.802948200  0.000000000   0.000000000
11156  LENDBTC  0.00000353                      78.13655024          1  2.802948200  0.001070714   0.000000000
11157  LENDBTC  0.00000355                      80.60243194          1  3.285646807  3.155862004   0.566572238

56278  GTOBTC  0.00000105                      30.18752988          0 -1.766093458  0.000000000   0.000000000
56279  GTOBTC  0.00000105                      30.18752988          0 -1.766093458  0.000000000   0.000000000
56280  GTOBTC  0.00000106                      30.62049642          1  2.667362331  1.434256270   0.952380952
56281  GTOBTC  0.00000106                      30.62049642          1  2.667362331  0.000000000   0.000000000
56282  GTOBTC  0.00000106                      30.62049642          1  2.667362331  0.000000000   0.000000000
56283  GTOBTC  0.00000106                      30.62049642          1  2.667362331  0.000000000   0.000000000
56284  GTOBTC  0.00000106                      30.62876442          1  2.667362331  0.027001522   0.000000000
56285  GTOBTC  0.00000106                      30.62876442          1  2.667362331  0.000000000   0.000000000
56286  GTOBTC  0.00000106                      30.62876442          1  2.667362331  0.000000000   0.000000000
56287  GTOBTC  0.00000107                      30.63297059          1  2.667362331  0.013732745   0.943396226
56288  GTOBTC  0.00000106                      30.82430047          1  2.371100726  0.624588071  -0.934579439
56289  GTOBTC  0.00000105                      30.83186827          1  2.371100726  0.024551409  -0.943396226
56290  GTOBTC  0.00000106                      30.83206755          1  2.371100726  0.000646344   0.952380952
56291  GTOBTC  0.00000105                      30.83596410          1  2.371100726  0.012637978  -0.943396226
56292  GTOBTC  0.00000105                      30.83596410          1  2.371100726  0.000000000   0.000000000
56293  GTOBTC  0.00000105                      30.83596410          1  2.371100726  0.000000000   0.000000000
56294  GTOBTC  0.00000106                      30.95918274          1  2.371100726  0.399593927   0.952380952
56295  GTOBTC  0.00000106                      30.95918274          1  2.371100726  0.000000000   0.000000000
56296  GTOBTC  0.00000106                      30.95918274          1  2.371100726  0.000000000   0.000000000
56297  GTOBTC  0.00000106                      30.95918274          1  2.371100726  0.000000000   0.000000000
56298  GTOBTC  0.00000106                      30.95918274          1  2.371100726  0.000000000   0.000000000
56299  GTOBTC  0.00000106                      30.95918274          1  2.371100726  0.000000000   0.000000000
56300  GTOBTC  0.00000106                      30.95918274          1  2.371100726  0.000000000   0.000000000
56301  GTOBTC  0.00000107                      31.71165489          1  2.734683785  2.430529760   0.943396226
56302  GTOBTC  0.00000107                      31.73146594          1  2.734683785  0.062472457   0.000000000
56303  GTOBTC  0.00000107                      31.76112420          1  2.734683785  0.093466404   0.000000000
56304  GTOBTC  0.00000107                      31.76112420          1  2.734683785  0.000000000   0.000000000
56305  GTOBTC  0.00000107                      31.76112420          1  2.734683785  0.000000000   0.000000000
56306  GTOBTC  0.00000107                      31.76112420          1  2.734683785  0.000000000   0.000000000
56307  GTOBTC  0.00000107                      31.76112420          1  2.734683785  0.000000000   0.000000000
56308  GTOBTC  0.00000108                      32.07166524          1  2.734683785  0.977739447   0.934579439
56309  GTOBTC  0.00000108                      32.07166524          1  2.734683785  0.000000000   0.000000000
56310  GTOBTC  0.00000108                      32.07166524          1  2.734683785  0.000000000   0.000000000
56311  GTOBTC  0.00000108                      32.07166524          1  2.734683785  0.000000000   0.000000000
56312  GTOBTC  0.00000108                      32.07468600          1  2.734683785  0.009418781   0.000000000
56313  GTOBTC  0.00000108                      32.09762520          1  2.734683785  0.071518081   0.000000000
56314  GTOBTC  0.00000108                      32.09762520          1  2.734683785  0.000000000   0.000000000
56315  GTOBTC  0.00000109                      32.95017960          1  2.879553775  2.656129214   0.925925926

17226  FUNBTC  0.00000064                      41.12000014          0  2.157902887  0.000000000   0.000000000
17227  FUNBTC  0.00000064                      41.13280014          0  2.157902887  0.031128405   0.000000000
17228  FUNBTC  0.00000064                      41.25112910          0  2.157902887  0.287675431   0.000000000
17229  FUNBTC  0.00000064                      41.25184846          0  2.157902887  0.001743855   0.000000000
17230  FUNBTC  0.00000064                      41.32031950          1  2.625570278  0.165982962   0.000000000
17231  FUNBTC  0.00000064                      41.32031950          1  2.625570278  0.000000000   0.000000000
17232  FUNBTC  0.00000064                      41.32031950          1  2.625570278  0.000000000   0.000000000
17233  FUNBTC  0.00000065                      41.32064450          1  2.625570278  0.000786538   1.562500000
17234  FUNBTC  0.00000065                      41.32145700          1  2.625570278  0.001966329   0.000000000
17235  FUNBTC  0.00000065                      41.32259450          1  2.625570278  0.002752807   0.000000000
17236  FUNBTC  0.00000065                      41.32340700          1  2.625570278  0.001966237   0.000000000
17237  FUNBTC  0.00000065                      41.32405700          1  2.625570278  0.001572958   0.000000000
17238  FUNBTC  0.00000065                      41.32555720          1  2.625570278  0.003630331   0.000000000
17239  FUNBTC  0.00000065                      41.32580745          1  2.625570278  0.000605557   0.000000000
17240  FUNBTC  0.00000065                      41.32580745          1  2.625570278  0.000000000   0.000000000
17241  FUNBTC  0.00000065                      41.32993560          1  2.625570278  0.009989279   0.000000000
17242  FUNBTC  0.00000065                      42.02710870          1  2.990218680  1.686847777   0.000000000

17235  FUNBTC  0.00000065                      41.32259450          0  1.970465636  0.002752807   0.000000000
17236  FUNBTC  0.00000065                      41.32340700          0  1.970465636  0.001966237   0.000000000
17237  FUNBTC  0.00000065                      41.32405700          0  1.970465636  0.001572958   0.000000000
17238  FUNBTC  0.00000065                      41.32555720          0  1.970465636  0.003630331   0.000000000
17239  FUNBTC  0.00000065                      41.32580745          0  1.970465636  0.000605557   0.000000000
17240  FUNBTC  0.00000065                      41.32580745          0  1.970465636  0.000000000   0.000000000
17241  FUNBTC  0.00000065                      41.32993560          0  1.970465636  0.009989279   0.000000000
17242  FUNBTC  0.00000065                      42.02710870          1  2.941508129  1.686847777   0.000000000
17243  FUNBTC  0.00000065                      42.02710870          1  2.941508129  0.000000000   0.000000000
17244  FUNBTC  0.00000065                      42.02774310          1  2.941508129  0.001509502   0.000000000
17245  FUNBTC  0.00000065                      42.02774310          1  2.941508129  0.000000000   0.000000000
17246  FUNBTC  0.00000066                      42.02885058          1  2.941508129  0.002635117   1.538461538
17247  FUNBTC  0.00000065                      42.03263553          1  2.941508129  0.009005600  -1.515151515
17248  FUNBTC  0.00000066                      42.03303615          1  2.941508129  0.000953117   1.538461538
17249  FUNBTC  0.00000067                      42.84434158          1  3.261046526  1.930161379   1.515151515

big win
1491  17233  FUNBTC  0.00000065                      41.32064450          0  2.013905711  0.000786538   1.562500000
1492  17234  FUNBTC  0.00000065                      41.32145700          0  2.013905711  0.001966329   0.000000000
1493  17235  FUNBTC  0.00000065                      41.32259450          0  2.013905711  0.002752807   0.000000000
1494  17236  FUNBTC  0.00000065                      41.32340700          0  2.013905711  0.001966237   0.000000000
1495  17237  FUNBTC  0.00000065                      41.32405700          0  2.013905711  0.001572958   0.000000000
1496  17238  FUNBTC  0.00000065                      41.32555720          0  2.013905711  0.003630331   0.000000000
1497  17239  FUNBTC  0.00000065                      41.32580745          0  2.013905711  0.000605557   0.000000000
1498  17240  FUNBTC  0.00000065                      41.32580745          0  2.013905711  0.000000000   0.000000000
1499  17241  FUNBTC  0.00000065                      41.32993560          0  2.013905711  0.009989279   0.000000000
1500  17242  FUNBTC  0.00000065                      42.02710870          1  2.957911900  1.686847777   0.000000000
1501  17243  FUNBTC  0.00000065                      42.02710870          1  2.957911900  0.000000000   0.000000000
1502  17244  FUNBTC  0.00000065                      42.02774310          1  2.957911900  0.001509502   0.000000000
1503  17245  FUNBTC  0.00000065                      42.02774310          1  2.957911900  0.000000000   0.000000000
1504  17246  FUNBTC  0.00000066                      42.02885058          1  2.957911900  0.002635117   1.538461538
1505  17247  FUNBTC  0.00000065                      42.03263553          1  2.957911900  0.009005600  -1.515151515
1506  17248  FUNBTC  0.00000066                      42.03303615          1  2.957911900  0.000953117   1.538461538
1507  17249  FUNBTC  0.00000067                      42.84434158          1  2.667485782  1.930161379   1.515151515
1508  17250  FUNBTC  0.00000067                      42.84640736          1  2.667485782  0.004821594   0.000000000
1509  17251  FUNBTC  0.00000067                      42.84790749          1  2.667485782  0.003501180   0.000000000
1510  17252  FUNBTC  0.00000067                      42.84790749          1  2.667485782  0.000000000   0.000000000
1511  17253  FUNBTC  0.00000067                      42.84940762          1  2.667485782  0.003501058   0.000000000
1512  17254  FUNBTC  0.00000066                      42.85680653          1  2.667485782  0.017267240  -1.492537313
1513  17255  FUNBTC  0.00000066                      42.85776947          1  2.667485782  0.002246878   0.000000000
1514  17256  FUNBTC  0.00000066                      42.85776947          1  2.667485782  0.000000000   0.000000000
1515  17257  FUNBTC  0.00000066                      42.85776947          1  2.667485782  0.000000000   0.000000000
1516  17258  FUNBTC  0.00000066                      42.85776947          1  2.667485782  0.000000000   0.000000000
1517  17259  FUNBTC  0.00000066                      42.85776947          1  2.667485782  0.000000000   0.000000000
1518  17260  FUNBTC  0.00000066                      42.85776947          1  2.667485782  0.000000000   0.000000000
1519  17261  FUNBTC  0.00000067                      42.85810447          1  2.667485782  0.000781655   1.515151515
1520  17262  FUNBTC  0.00000067                      42.79557542          1  2.667485782 -0.145897843   0.000000000

small win
472  18226  2020-02-17 06:38  FUNBTC  0.00000069                      53.52519127          0 -0.074688557  0.000000000   0.000000000
473  18227  2020-02-17 06:38  FUNBTC  0.00000069                      53.52381643          0 -0.074688557 -0.002568585   0.000000000
474  18228  2020-02-17 06:38  FUNBTC  0.00000069                      53.52381643          0 -0.074688557  0.000000000   0.000000000
475  18229  2020-02-17 06:38  FUNBTC  0.00000069                      53.52381643          0 -0.074688557  0.000000000   0.000000000
476  18230  2020-02-17 06:38  FUNBTC  0.00000069                      53.52381643          0 -0.074688557  0.000000000   0.000000000
477  18231  2020-02-17 06:38  FUNBTC  0.00000069                      53.52381643          0 -0.074688557  0.000000000   0.000000000
478  18232  2020-02-17 06:38  FUNBTC  0.00000069                      53.52650467          0 -0.074688557  0.005022512   0.000000000
479  18233  2020-02-17 06:38  FUNBTC  0.00000069                      53.52650467          0 -0.074688557  0.000000000   0.000000000
480  18234  2020-02-17 06:38  FUNBTC  0.00000069                      53.52650467          0 -0.074688557  0.000000000   0.000000000
481  18235  2020-02-17 06:38  FUNBTC  0.00000070                      53.56201147          1  2.740962694  0.066334987   1.449275362
482  18236  2020-02-17 06:38  FUNBTC  0.00000070                      53.56201147          1  2.740962694  0.000000000   0.000000000
483  18237  2020-02-17 06:38  FUNBTC  0.00000070                      53.56201147          1  2.740962694  0.000000000   0.000000000
484  18238  2020-02-17 06:38  FUNBTC  0.00000070                      53.56640467          1  2.740962694  0.008202082   0.000000000
485  18239  2020-02-17 06:38  FUNBTC  0.00000070                      53.56640467          1  2.740962694  0.000000000   0.000000000
486  18240  2020-02-17 06:38  FUNBTC  0.00000070                      53.56640467          1  2.740962694  0.000000000   0.000000000
487  18241  2020-02-17 06:38  FUNBTC  0.00000070                      53.56640467          1  2.740962694  0.000000000   0.000000000
488  18242  2020-02-17 06:38  FUNBTC  0.00000070                      53.56640467          1  2.740962694  0.000000000   0.000000000
489  18243  2020-02-17 06:38  FUNBTC  0.00000070                      53.56640467          1  2.740962694  0.000000000   0.000000000
490  18244  2020-02-17 06:38  FUNBTC  0.00000070                      54.39135808          1  2.970896688  1.540057458   0.000000000
491  18245  2020-02-17 06:38  FUNBTC  0.00000070                      54.39135808          1  2.970896688  0.000000000   0.000000000
492  18246  2020-02-17 06:38  FUNBTC  0.00000070                      54.48258418          1  2.970896688  0.167721681   0.000000000
493  18247  2020-02-17 06:38  FUNBTC  0.00000070                      54.55310638          1  2.970896688  0.129439895   0.000000000
494  18248  2020-02-17 06:38  FUNBTC  0.00000070                      54.55310638          1  2.970896688  0.000000000   0.000000000
495  18249  2020-02-17 06:38  FUNBTC  0.00000070                      54.81175918          1  2.970896688  0.474130287   0.000000000
496  18250  2020-02-17 06:38  FUNBTC  0.00000070                      54.81601168          1  2.970896688  0.007758372   0.000000000
497  18251  2020-02-17 06:38  FUNBTC  0.00000070                      54.84661988          1  2.970896688  0.055838065   0.000000000
498  18252  2020-02-17 06:38  FUNBTC  0.00000070                      54.98130898          1  2.970896688  0.245574112   0.000000000
499  18253  2020-02-17 06:38  FUNBTC  0.00000070                      54.98130898          1  2.970896688  0.000000000   0.000000000

small win - 0.24 almost loss, tredin basında degil 2. wawede - 600'le 200le olsa belki braiz daha olurdu
490  65817  2020-02-18 16:15  REQBTC  0.00000195                      36.55398394          0  2.184884599  0.064477067   0.515463918
491  65818  2020-02-18 16:15  REQBTC  0.00000195                      36.55398394          0  2.184884599  0.000000000   0.000000000
492  65819  2020-02-18 16:15  REQBTC  0.00000195                      36.56117749          0  2.184884599  0.019679250   0.000000000
493  65820  2020-02-18 16:15  REQBTC  0.00000195                      36.56117749          0  2.184884599  0.000000000   0.000000000
494  65821  2020-02-18 16:15  REQBTC  0.00000195                      36.56117749          0  2.184884599  0.000000000   0.000000000
495  65822  2020-02-18 16:15  REQBTC  0.00000195                      37.16229814          1  3.146047259  1.644150138   0.000000000
496  65823  2020-02-18 16:16  REQBTC  0.00000195                      37.16229814          1  3.146047259  0.000000000   0.000000000
497  65824  2020-02-18 16:16  REQBTC  0.00000195                      37.16229814          1  3.146047259  0.000000000   0.000000000
498  65825  2020-02-18 16:16  REQBTC  0.00000195                      37.16229814          1  3.146047259  0.000000000   0.000000000
499  65826  2020-02-18 16:16  REQBTC  0.00000195                      37.98054488          1  3.275907217  2.201819535   0.000000000

small win - 2.49 600 - 42.6 200
475  186142  2020-02-19 10:43  BANDBTC  0.00003885                     122.60141214          0  2.660137542  0.000000000   0.000000000
476  186143  2020-02-19 10:44  BANDBTC  0.00003885                     122.60141214          0  2.660137542  0.000000000   0.000000000
477  186144  2020-02-19 10:44  BANDBTC  0.00003885                     122.60141214          0  2.660137542  0.000000000   0.000000000
478  186145  2020-02-19 10:44  BANDBTC  0.00003885                     122.60141214          0  2.660137542  0.000000000   0.000000000
479  186146  2020-02-19 10:44  BANDBTC  0.00003885                     122.60141214          0  2.660137542  0.000000000   0.000000000
480  186147  2020-02-19 10:44  BANDBTC  0.00003885                     122.66105224          0  2.660137542  0.048645525   0.000000000
481  186148  2020-02-19 10:44  BANDBTC  0.00003850                     123.39195831          0  2.660137542  0.595874613  -0.900900901
482  186149  2020-02-19 10:44  BANDBTC  0.00003850                     123.39195831          0  2.660137542  0.000000000   0.000000000
483  186150  2020-02-19 10:44  BANDBTC  0.00003850                     123.39195831          0  2.660137542  0.000000000   0.000000000
484  186151  2020-02-19 10:44  BANDBTC  0.00003850                     123.39195831          0  2.660137542  0.000000000   0.000000000
485  186152  2020-02-19 10:44  BANDBTC  0.00003885                     123.42218051          0  2.660137542  0.024492844   0.909090909
486  186153  2020-02-19 10:44  BANDBTC  0.00003885                     123.42218051          0  2.660137542  0.000000000   0.000000000
487  186154  2020-02-19 10:44  BANDBTC  0.00003885                     123.42303521          0  2.660137542  0.000692501   0.000000000
488  186155  2020-02-19 10:44  BANDBTC  0.00003885                     123.42381221          0  2.660137542  0.000629542   0.000000000
489  186156  2020-02-19 10:44  BANDBTC  0.00003885                     123.42381221          0  2.660137542  0.000000000   0.000000000
490  186157  2020-02-19 10:44  BANDBTC  0.00003885                     123.48457361          0  2.660137542  0.049229884   0.000000000
491  186158  2020-02-19 10:44  BANDBTC  0.00003850                     123.54807808          0  2.660137542  0.051427047  -0.900900901
492  186159  2020-02-19 10:44  BANDBTC  0.00003850                     123.60417258          1  3.194165337  0.045402973   0.000000000
493  186160  2020-02-19 10:44  BANDBTC  0.00003850                     123.60440358          1  3.194165337  0.000186887   0.000000000
494  186161  2020-02-19 10:44  BANDBTC  0.00003850                     123.60440358          1  3.194165337  0.000000000   0.000000000
495  186162  2020-02-19 10:44  BANDBTC  0.00003846                     123.65041518          1  3.194165337  0.037224887  -0.103896104
496  186163  2020-02-19 10:44  BANDBTC  0.00003846                     123.65041518          1  3.194165337  0.000000000   0.000000000
497  186164  2020-02-19 10:44  BANDBTC  0.00003846                     123.65041518          1  3.194165337  0.000000000   0.000000000
498  186165  2020-02-19 10:44  BANDBTC  0.00003846                     123.65041518          1  3.194165337  0.000000000   0.000000000
499  186166  2020-02-19 10:44  BANDBTC  0.00004059                     128.10069303          1  3.302968826  3.599080394   5.538221529

win - 600de kaybedereken 1000'de 10 kazanıyor.
481  44024  2020-02-15 18:39  SYSBTC  0.00000364                      25.96450685          0  0.406666839  0.000000000   0.000000000
482  44025  2020-02-15 18:39  SYSBTC  0.00000364                      25.96450685          0  0.406666839  0.000000000   0.000000000
483  44026  2020-02-15 18:39  SYSBTC  0.00000364                      25.96450685          0  0.406666839  0.000000000   0.000000000
484  44027  2020-02-15 18:39  SYSBTC  0.00000364                      25.96450685          0  0.406666839  0.000000000   0.000000000
485  44028  2020-02-15 18:39  SYSBTC  0.00000364                      25.96450685          0  0.406666839  0.000000000   0.000000000
486  44029  2020-02-15 18:39  SYSBTC  0.00000364                      25.96450685          0  0.406666839  0.000000000   0.000000000
487  44030  2020-02-15 18:39  SYSBTC  0.00000364                      25.96450685          0  0.406666839  0.000000000   0.000000000
488  44031  2020-02-15 18:39  SYSBTC  0.00000364                      25.96450685          0  0.406666839  0.000000000   0.000000000
489  44032  2020-02-15 18:39  SYSBTC  0.00000364                      25.96450685          0  0.406666839  0.000000000   0.000000000
490  44033  2020-02-15 18:39  SYSBTC  0.00000364                      25.96450685          0  0.406666839  0.000000000   0.000000000
491  44034  2020-02-15 18:39  SYSBTC  0.00000365                      26.91871434          1  2.953630710  3.675045690   0.274725275
492  44035  2020-02-15 18:39  SYSBTC  0.00000365                      26.91871434          1  2.953630710  0.000000000   0.000000000
493  44036  2020-02-15 18:39  SYSBTC  0.00000365                      26.91871434          1  2.953630710  0.000000000   0.000000000
494  44037  2020-02-15 18:39  SYSBTC  0.00000365                      26.91871434          1  2.953630710  0.000000000   0.000000000
495  44038  2020-02-15 18:39  SYSBTC  0.00000365                      26.91871434          1  2.953630710  0.000000000   0.000000000
496  44039  2020-02-15 18:39  SYSBTC  0.00000365                      26.91871434          1  2.953630710  0.000000000   0.000000000
497  44040  2020-02-15 18:39  SYSBTC  0.00000365                      26.91871434          1  2.953630710  0.000000000   0.000000000
498  44041  2020-02-15 18:39  SYSBTC  0.00000365                      26.91871434          1  2.953630710  0.000000000   0.000000000
499  44042  2020-02-15 18:39  SYSBTC  0.00000367                      27.91723707          1  3.270411810  3.709399778   0.547945205
=======================================================================================================================================
LOSS CONDITIONS
=======================================================================================================================================
loss
78   7445  2020-02-16 18:38  LENDBTC  0.00000348                      52.62704620          0  2.213705316  0.000000000   0.000000000
479   7446  2020-02-16 18:38  LENDBTC  0.00000348                      52.62704620          0  2.213705316  0.000000000   0.000000000
480   7447  2020-02-16 18:38  LENDBTC  0.00000348                      52.62704620          0  2.213705316  0.000000000   0.000000000
481   7448  2020-02-16 18:38  LENDBTC  0.00000348                      52.62704620          0  2.213705316  0.000000000   0.000000000
482   7449  2020-02-16 18:38  LENDBTC  0.00000347                      52.62947173          0  2.213705316  0.004608904  -0.287356322
483   7450  2020-02-16 18:38  LENDBTC  0.00000348                      52.65651481          0  2.213705316  0.051383909   0.288184438
484   7451  2020-02-16 18:38  LENDBTC  0.00000347                      52.65855864          0  2.213705316  0.003881438  -0.287356322
485   7452  2020-02-16 18:38  LENDBTC  0.00000347                      52.65855864          0  2.213705316  0.000000000   0.000000000
486   7453  2020-02-16 18:38  LENDBTC  0.00000347                      52.65855864          0  2.213705316  0.000000000   0.000000000
487   7454  2020-02-16 18:39  LENDBTC  0.00000347                      52.65855864          0  2.213705316  0.000000000   0.000000000
488   7455  2020-02-16 18:39  LENDBTC  0.00000347                      52.68333821          1  2.797456571  0.047057061   0.000000000
489   7456  2020-02-16 18:39  LENDBTC  0.00000347                      52.68333821          1  2.797456571  0.000000000   0.000000000
490   7457  2020-02-16 18:39  LENDBTC  0.00000347                      52.92192153          1  2.797456571  0.452862951   0.000000000
491   7458  2020-02-16 18:39  LENDBTC  0.00000347                      52.92192153          1  2.797456571  0.000000000   0.000000000
492   7459  2020-02-16 18:39  LENDBTC  0.00000345                      53.07974144          1  2.797456571  0.298212736  -0.576368876
493   7460  2020-02-16 18:39  LENDBTC  0.00000345                      53.08077989          1  2.797456571  0.001956396   0.000000000
494   7461  2020-02-16 18:39  LENDBTC  0.00000345                      53.08193909          1  2.797456571  0.002183841   0.000000000
495   7462  2020-02-16 18:39  LENDBTC  0.00000345                      53.08213574          1  2.797456571  0.000370465   0.000000000
496   7463  2020-02-16 18:39  LENDBTC  0.00000345                      53.12481403          1  2.797456571  0.080400476   0.000000000
497   7464  2020-02-16 18:39  LENDBTC  0.00000345                      53.13177268          1  2.797456571  0.013098681   0.000000000
498   7465  2020-02-16 18:39  LENDBTC  0.00000345                      53.13177268          1  2.797456571  0.000000000   0.000000000
499   7466  2020-02-16 18:39  LENDBTC  0.00000345                      53.66458033          1  3.265545527  1.002804204   0.000000000


loss
481   8218  2020-02-17 09:48  FUELBTC  0.00000038                     184.75781147          0  1.052867425  0.000000000   0.000000000
482   8219  2020-02-17 09:48  FUELBTC  0.00000038                     184.75781147          0  1.052867425  0.000000000   0.000000000
483   8220  2020-02-17 09:48  FUELBTC  0.00000038                     184.77059201          0  1.052867425  0.006917456   0.000000000
484   8221  2020-02-17 09:48  FUELBTC  0.00000038                     184.77059201          0  1.052867425  0.000000000   0.000000000
485   8222  2020-02-17 09:48  FUELBTC  0.00000038                     184.77059201          0  1.052867425  0.000000000   0.000000000
486   8223  2020-02-17 09:48  FUELBTC  0.00000038                     184.77059201          0  1.052867425  0.000000000   0.000000000
487   8224  2020-02-17 09:48  FUELBTC  0.00000038                     184.77059201          0  1.052867425  0.000000000   0.000000000
488   8225  2020-02-17 09:48  FUELBTC  0.00000038                     184.77059201          0  1.052867425  0.000000000   0.000000000
489   8226  2020-02-17 09:48  FUELBTC  0.00000038                     184.77059201          0  1.052867425  0.000000000   0.000000000
490   8227  2020-02-17 09:48  FUELBTC  0.00000038                     184.77059201          0  1.052867425  0.000000000   0.000000000
491   8228  2020-02-17 09:48  FUELBTC  0.00000038                     184.77059201          0  1.052867425  0.000000000   0.000000000
492   8229  2020-02-17 09:49  FUELBTC  0.00000038                     184.77059201          0  1.052867425  0.000000000   0.000000000
493   8230  2020-02-17 09:49  FUELBTC  0.00000038                     184.77059201          0  1.052867425  0.000000000   0.000000000
494   8231  2020-02-17 09:49  FUELBTC  0.00000038                     184.77059201          0  1.052867425  0.000000000   0.000000000
495   8232  2020-02-17 09:49  FUELBTC  0.00000038                     184.81313111          0  1.052867425  0.023022657   0.000000000
496   8233  2020-02-17 09:49  FUELBTC  0.00000038                     185.14824209          1  3.178947068  0.181324226   0.000000000
497   8234  2020-02-17 09:49  FUELBTC  0.00000038                     185.14824209          1  3.178947068  0.000000000   0.000000000
498   8235  2020-02-17 09:49  FUELBTC  0.00000038                     185.14824209          1  3.178947068  0.000000000   0.000000000
499   8236  2020-02-17 09:49  FUELBTC  0.00000038                     187.96024589          1  3.272676368  1.518785039   0.000000000

loss - 1.07 - 600
479  43703  2020-02-15 18:30  SYSBTC  0.00000362                      22.87243182          0  0.646703870  0.000000000   0.000000000
480  43704  2020-02-15 18:30  SYSBTC  0.00000362                      22.87243182          0  0.646703870  0.000000000   0.000000000
481  43705  2020-02-15 18:30  SYSBTC  0.00000362                      22.87243182          0  0.646703870  0.000000000   0.000000000
482  43706  2020-02-15 18:30  SYSBTC  0.00000362                      22.87243182          0  0.646703870  0.000000000   0.000000000
483  43707  2020-02-15 18:30  SYSBTC  0.00000362                      22.87243182          0  0.646703870  0.000000000   0.000000000
484  43708  2020-02-15 18:31  SYSBTC  0.00000362                      22.87243182          0  0.646703870  0.000000000   0.000000000
485  43709  2020-02-15 18:31  SYSBTC  0.00000362                      22.87243182          0  0.646703870  0.000000000   0.000000000
486  43710  2020-02-15 18:31  SYSBTC  0.00000362                      22.87243182          0  0.646703870  0.000000000   0.000000000
487  43711  2020-02-15 18:31  SYSBTC  0.00000362                      22.87243182          0  0.646703870  0.000000000   0.000000000
488  43712  2020-02-15 18:31  SYSBTC  0.00000362                      22.87243182          0  0.646703870  0.000000000   0.000000000
489  43713  2020-02-15 18:31  SYSBTC  0.00000362                      22.87243182          0  0.646703870  0.000000000   0.000000000
490  43714  2020-02-15 18:31  SYSBTC  0.00000362                      22.87243182          0  0.646703870  0.000000000   0.000000000
491  43715  2020-02-15 18:31  SYSBTC  0.00000362                      22.87243182          0  0.646703870  0.000000000   0.000000000
492  43716  2020-02-15 18:31  SYSBTC  0.00000362                      22.87243182          0  0.646703870  0.000000000   0.000000000
493  43717  2020-02-15 18:31  SYSBTC  0.00000362                      22.87243182          0  0.646703870  0.000000000   0.000000000
494  43718  2020-02-15 18:31  SYSBTC  0.00000362                      22.87243182          0  0.646703870  0.000000000   0.000000000
495  43719  2020-02-15 18:31  SYSBTC  0.00000363                      22.99883205          1  2.872767076  0.552631355   0.276243094
496  43720  2020-02-15 18:31  SYSBTC  0.00000363                      22.99883205          1  2.872767076  0.000000000   0.000000000
497  43721  2020-02-15 18:31  SYSBTC  0.00000363                      22.99883205          1  2.872767076  0.000000000   0.000000000
498  43722  2020-02-15 18:31  SYSBTC  0.00000363                      22.99883205          1  2.872767076  0.000000000   0.000000000
499  43723  2020-02-15 18:31  SYSBTC  0.00000364                      24.01470145          1  3.195865109  4.417047778   0.275482094



loss
478   1034  2020-02-16 15:44  ONEBTC  0.00000061                     197.03883498          0 -1.376991912  0.000000000   0.000000000
479   1035  2020-02-16 15:44  ONEBTC  0.00000061                     197.03883498          0 -1.376991912  0.000000000   0.000000000
480   1036  2020-02-16 15:44  ONEBTC  0.00000061                     197.03883498          0 -1.376991912  0.000000000   0.000000000
481   1037  2020-02-16 15:44  ONEBTC  0.00000061                     197.03883498          0 -1.376991912  0.000000000   0.000000000
482   1038  2020-02-16 15:44  ONEBTC  0.00000061                     197.03883498          0 -1.376991912  0.000000000   0.000000000
483   1039  2020-02-16 15:44  ONEBTC  0.00000061                     197.03883498          0 -1.376991912  0.000000000   0.000000000
484   1040  2020-02-16 15:44  ONEBTC  0.00000061                     197.03883498          0 -1.376991912  0.000000000   0.000000000
485   1041  2020-02-16 15:44  ONEBTC  0.00000061                     197.14158033          0  0.400668633  0.052144721   0.000000000
486   1042  2020-02-16 15:45  ONEBTC  0.00000061                     197.14158033          0  0.400668633  0.000000000   0.000000000
487   1043  2020-02-16 15:45  ONEBTC  0.00000061                     197.14158033          0  0.400668633  0.000000000   0.000000000
488   1044  2020-02-16 15:45  ONEBTC  0.00000061                     197.14158033          0  0.400668633  0.000000000   0.000000000
489   1045  2020-02-16 15:45  ONEBTC  0.00000061                     197.14158033          0  0.400668633  0.000000000   0.000000000
490   1046  2020-02-16 15:45  ONEBTC  0.00000061                     197.14158033          0  0.400668633  0.000000000   0.000000000
491   1047  2020-02-16 15:45  ONEBTC  0.00000061                     197.14158033          0  0.400668633  0.000000000   0.000000000
492   1048  2020-02-16 15:45  ONEBTC  0.00000061                     197.14158033          0  0.400668633  0.000000000   0.000000000
493   1049  2020-02-16 15:45  ONEBTC  0.00000061                     197.14158033          0  0.400668633  0.000000000   0.000000000
494   1050  2020-02-16 15:45  ONEBTC  0.00000061                     197.14158033          0  0.400668633  0.000000000   0.000000000
495   1051  2020-02-16 15:45  ONEBTC  0.00000061                     197.14158033          0  0.400668633  0.000000000   0.000000000
496   1052  2020-02-16 15:45  ONEBTC  0.00000061                     197.14158033          0  0.400668633  0.000000000   0.000000000
497   1053  2020-02-16 15:45  ONEBTC  0.00000061                     197.14158033          0  0.400668633  0.000000000   0.000000000
498   1054  2020-02-16 15:45  ONEBTC  0.00000061                     197.14158033          0  0.400668633  0.000000000   0.000000000
499   1055  2020-02-16 15:45  ONEBTC  0.00000062                     199.94757509          1  3.233485451  1.423339894   1.639344262

479  33615  2020-02-17 11:23  ONEBTC  0.00000058                     167.32096408          0  2.385799776  0.000000000   0.000000000
480  33616  2020-02-17 11:23  ONEBTC  0.00000058                     167.32096408          0  2.385799776  0.000000000   0.000000000
481  33617  2020-02-17 11:23  ONEBTC  0.00000058                     167.32096408          0  2.385799776  0.000000000   0.000000000
482  33618  2020-02-17 11:23  ONEBTC  0.00000058                     167.32096408          0  2.385799776  0.000000000   0.000000000
483  33619  2020-02-17 11:23  ONEBTC  0.00000058                     167.32096408          0  2.385799776  0.000000000   0.000000000
484  33620  2020-02-17 11:23  ONEBTC  0.00000058                     167.32096408          0  2.385799776  0.000000000   0.000000000
485  33621  2020-02-17 11:24  ONEBTC  0.00000058                     167.42607922          0  2.385799776  0.062822457   0.000000000
486  33622  2020-02-17 11:24  ONEBTC  0.00000058                     167.57358134          0  2.385799776  0.088099847   0.000000000
487  33623  2020-02-17 11:24  ONEBTC  0.00000058                     167.82131442          1  2.964610321  0.147835403   0.000000000
488  33624  2020-02-17 11:24  ONEBTC  0.00000058                     167.82131442          1  2.964610321  0.000000000   0.000000000
489  33625  2020-02-17 11:24  ONEBTC  0.00000058                     167.82131442          1  2.964610321  0.000000000   0.000000000
490  33626  2020-02-17 11:24  ONEBTC  0.00000058                     167.82131442          1  2.964610321  0.000000000   0.000000000
491  33627  2020-02-17 11:24  ONEBTC  0.00000058                     167.82131442          1  2.964610321  0.000000000   0.000000000
492  33628  2020-02-17 11:24  ONEBTC  0.00000058                     167.82131442          1  2.964610321  0.000000000   0.000000000
493  33629  2020-02-17 11:24  ONEBTC  0.00000058                     167.82131442          1  2.964610321  0.000000000   0.000000000
494  33630  2020-02-17 11:24  ONEBTC  0.00000058                     167.82131442          1  2.964610321  0.000000000   0.000000000
495  33631  2020-02-17 11:24  ONEBTC  0.00000058                     168.44345606          1  3.132235086  0.370716701   0.000000000
496  33632  2020-02-17 11:24  ONEBTC  0.00000058                     168.44345606          1  3.132235086  0.000000000   0.000000000
497  33633  2020-02-17 11:24  ONEBTC  0.00000058                     168.44345606          1  3.132235086  0.000000000   0.000000000
498  33634  2020-02-17 11:24  ONEBTC  0.00000058                     168.44345606          1  3.132235086  0.000000000   0.000000000
499  33635  2020-02-17 11:24  ONEBTC  0.00000057                     171.20878320          1  3.272115782  1.641694611  -1.724137931

489  73877  2020-02-18 13:39  ONEBTC  0.00000059                      93.09780587          0 -1.119554970  0.000000000   0.000000000
490  73878  2020-02-18 13:40  ONEBTC  0.00000059                      93.09780587          0 -1.119554970  0.000000000   0.000000000
491  73879  2020-02-18 13:40  ONEBTC  0.00000059                      93.09780587          0 -1.119554970  0.000000000   0.000000000
492  73880  2020-02-18 13:40  ONEBTC  0.00000059                      93.09780587          0 -1.119554970  0.000000000   0.000000000
493  73881  2020-02-18 13:40  ONEBTC  0.00000059                      93.09780587          0 -1.119554970  0.000000000   0.000000000
494  73882  2020-02-18 13:40  ONEBTC  0.00000059                      93.09780587          0 -1.119554970  0.000000000   0.000000000
495  73883  2020-02-18 13:40  ONEBTC  0.00000059                      93.12309150          1  2.746031637  0.027160286   0.000000000
496  73884  2020-02-18 13:40  ONEBTC  0.00000059                      93.12309150          1  2.746031637  0.000000000   0.000000000
497  73885  2020-02-18 13:40  ONEBTC  0.00000059                      93.12309150          1  2.746031637  0.000000000   0.000000000
498  73886  2020-02-18 13:40  ONEBTC  0.00000059                      93.12309150          1  2.746031637  0.000000000   0.000000000
499  73887  2020-02-18 13:40  ONEBTC  0.00000059                      94.24333748          1  3.155018782  1.202973357   0.000000000

484  138679  2020-02-18 18:41  MATICBTC  0.00000212                    1010.99727870          0  2.966760851  0.000000000   0.000000000
485  138680  2020-02-18 18:41  MATICBTC  0.00000212                    1010.99727870          0  2.966760851  0.000000000   0.000000000
486  138681  2020-02-18 18:41  MATICBTC  0.00000212                    1011.09108658          0  2.966760851  0.009278747   0.000000000
487  138682  2020-02-18 18:41  MATICBTC  0.00000212                    1011.09108658          0  2.966760851  0.000000000   0.000000000
488  138683  2020-02-18 18:41  MATICBTC  0.00000212                    1011.09108658          0  2.966760851  0.000000000   0.000000000
489  138684  2020-02-18 18:41  MATICBTC  0.00000212                    1011.09108658          0  2.966760851  0.000000000   0.000000000
490  138685  2020-02-18 18:41  MATICBTC  0.00000212                    1011.09108658          0  2.966760851  0.000000000   0.000000000
491  138686  2020-02-18 18:41  MATICBTC  0.00000212                    1011.09108658          0  2.966760851  0.000000000   0.000000000
492  138687  2020-02-18 18:41  MATICBTC  0.00000212                    1011.09108658          0  2.966760851  0.000000000   0.000000000
493  138688  2020-02-18 18:41  MATICBTC  0.00000212                    1011.09108658          0  2.966760851  0.000000000   0.000000000
494  138689  2020-02-18 18:41  MATICBTC  0.00000212                    1011.09108658          0  2.966760851  0.000000000   0.000000000
495  138690  2020-02-18 18:41  MATICBTC  0.00000212                    1011.09108658          0  2.966760851  0.000000000   0.000000000
496  138691  2020-02-18 18:41  MATICBTC  0.00000212                    1011.09108658          0  2.966760851  0.000000000   0.000000000
497  138692  2020-02-18 18:41  MATICBTC  0.00000212                    1015.56036206          1  3.304140205  0.442025010   0.000000000
498  138693  2020-02-18 18:41  MATICBTC  0.00000212                    1015.56036206          1  3.304140205  0.000000000   0.000000000
499  138694  2020-02-18 18:41  MATICBTC  0.00000212                    1026.76690890          1  3.313006735  1.103484072   0.000000000

29097  TFUELBTC  0.00000032                      36.00364109          0 -1.497677753  0.000000000   0.000000000
29098  TFUELBTC  0.00000032                      36.00364109          0 -1.497677753  0.000000000   0.000000000
29099  TFUELBTC  0.00000032                      36.00364109          0 -1.497677753  0.000000000   0.000000000
29100  TFUELBTC  0.00000032                      36.00364109          0 -1.497677753  0.000000000   0.000000000
29101  TFUELBTC  0.00000032                      36.00364109          0 -1.497677753  0.000000000   0.000000000
29102  TFUELBTC  0.00000032                      36.00364109          0 -1.497677753  0.000000000   0.000000000
29103  TFUELBTC  0.00000032                      36.00364109          0 -1.497677753  0.000000000   0.000000000
29104  TFUELBTC  0.00000033                      37.60869377          1  2.729717550  4.458028775   3.125000000
29105  TFUELBTC  0.00000033                      37.68666923          1  2.729717550  0.207333603   0.000000000
29106  TFUELBTC  0.00000033                      37.68666923          1  2.729717550  0.000000000   0.000000000
29107  TFUELBTC  0.00000033                      37.68666923          1  2.729717550  0.000000000   0.000000000
29108  TFUELBTC  0.00000033                      37.68666923          1  2.729717550  0.000000000   0.000000000
29109  TFUELBTC  0.00000033                      37.68666923          1  2.729717550  0.000000000   0.000000000
29110  TFUELBTC  0.00000033                      37.68666923          1  2.729717550  0.000000000   0.000000000
29111  TFUELBTC  0.00000033                      37.68666923          1  2.729717550  0.000000000   0.000000000
29112  TFUELBTC  0.00000033                      37.69531358          1  2.729717550  0.022937421   0.000000000
29113  TFUELBTC  0.00000033                      38.70462155          1  3.028463486  2.677542310   0.000000000

491  59809  2020-02-18 23:31  CELRBTC  0.00000043                      47.18764582          0  0.592225614  0.000000000   0.000000000
492  59810  2020-02-18 23:31  CELRBTC  0.00000043                      47.18764582          0  0.592225614  0.000000000   0.000000000
493  59811  2020-02-18 23:31  CELRBTC  0.00000043                      47.18382382          0  0.592225614 -0.008099578   0.000000000
494  59812  2020-02-18 23:31  CELRBTC  0.00000043                      47.18382382          0  0.592225614  0.000000000   0.000000000
495  59813  2020-02-18 23:31  CELRBTC  0.00000043                      47.18382382          0  0.592225614  0.000000000   0.000000000
496  59814  2020-02-18 23:31  CELRBTC  0.00000043                      47.18382382          0  0.592225614  0.000000000   0.000000000
497  59815  2020-02-18 23:31  CELRBTC  0.00000044                      47.83499302          1  2.475840349  1.380068734   2.325581395
498  59816  2020-02-18 23:31  CELRBTC  0.00000044                      49.25139526          1  3.184814876  2.961016926   0.000000000
499  59817  2020-02-18 23:31  CELRBTC  0.00000044                      49.25139526          1  3.184814876  0.000000000   0.000000000

oynaşan coin
59808  59808  CELRBTC  0.00000043                      47.18764582          0  0.613407543  0.000000000   0.000000000
59809  59809  CELRBTC  0.00000043                      47.18764582          0  0.613407543  0.000000000   0.000000000
59810  59810  CELRBTC  0.00000043                      47.18764582          0  0.613407543  0.000000000   0.000000000
59811  59811  CELRBTC  0.00000043                      47.18382382          0  0.613407543 -0.008099578   0.000000000
59812  59812  CELRBTC  0.00000043                      47.18382382          0  0.613407543  0.000000000   0.000000000
59813  59813  CELRBTC  0.00000043                      47.18382382          0  0.613407543  0.000000000   0.000000000
59814  59814  CELRBTC  0.00000043                      47.18382382          0  0.613407543  0.000000000   0.000000000
59815  59815  CELRBTC  0.00000044                      47.83499302          1  3.255224957  1.380068734   2.325581395
59816  59816  CELRBTC  0.00000044                      49.25139526          1  2.292614335  2.961016926   0.000000000
59817  59817  CELRBTC  0.00000044                      49.25139526          1  2.292614335  0.000000000   0.000000000
59818  59818  CELRBTC  0.00000044                      49.25139526          1  2.292614335  0.000000000   0.000000000
59819  59819  CELRBTC  0.00000044                      49.25878638          1  2.292614335  0.015006925   0.000000000
59820  59820  CELRBTC  0.00000044                      49.25878638          1  2.292614335  0.000000000   0.000000000
59821  59821  CELRBTC  0.00000044                      49.25878638          1  2.292614335  0.000000000   0.000000000
59822  59822  CELRBTC  0.00000044                      49.26318638          1  2.292614335  0.008932417   0.000000000
59823  59823  CELRBTC  0.00000044                      49.26318638          1  2.292614335  0.000000000   0.000000000
59824  59824  CELRBTC  0.00000044                      49.26318638          1  2.292614335  0.000000000   0.000000000
59825  59825  CELRBTC  0.00000044                      49.26318638          1  2.292614335  0.000000000   0.000000000
59826  59826  CELRBTC  0.00000044                      49.26318638          1  2.292614335  0.000000000   0.000000000
59827  59827  CELRBTC  0.00000044                      49.26318638          1  2.292614335  0.000000000   0.000000000
59828  59828  CELRBTC  0.00000044                      49.26494946          1  2.292614335  0.003578900   0.000000000
59829  59829  CELRBTC  0.00000044                      49.26494946          1  2.292614335  0.000000000   0.000000000
59830  59830  CELRBTC  0.00000044                      49.26671298          1  2.292614335  0.003579665   0.000000000
59831  59831  CELRBTC  0.00000044                      49.26671298          1  2.292614335  0.000000000   0.000000000
59832  59832  CELRBTC  0.00000044                      49.29809950          1  2.292614335  0.063707356   0.000000000
59833  59833  CELRBTC  0.00000044                      49.29986302          1  2.292614335  0.003577258   0.000000000
59834  59834  CELRBTC  0.00000044                      49.30162610          1  2.292614335  0.003576237   0.000000000
59835  59835  CELRBTC  0.00000044                      49.30162610          1  2.292614335  0.000000000   0.000000000
59836  59836  CELRBTC  0.00000044                      49.30162610          1  2.292614335  0.000000000   0.000000000
59837  59837  CELRBTC  0.00000044                      49.30338962          1  2.292614335  0.003577002   0.000000000

oynaşan coim
477  30637  2020-02-17 15:31  DREPBTC  0.00000026                     480.02115832          0  1.421711051  0.000000000           0.0
478  30638  2020-02-17 15:31  DREPBTC  0.00000026                     480.02115832          0  1.421711051  0.000000000           0.0
479  30639  2020-02-17 15:31  DREPBTC  0.00000026                     480.02115832          0  1.421711051  0.000000000           0.0
480  30640  2020-02-17 15:31  DREPBTC  0.00000026                     480.02115832          0  1.421711051  0.000000000           0.0
481  30641  2020-02-17 15:31  DREPBTC  0.00000026                     480.02115832          0  1.421711051  0.000000000           0.0
482  30642  2020-02-17 15:31  DREPBTC  0.00000026                     480.02115832          0  1.421711051  0.000000000           0.0
483  30643  2020-02-17 15:31  DREPBTC  0.00000026                     480.51133060          1  3.045463964  0.102114724           0.0
484  30644  2020-02-17 15:31  DREPBTC  0.00000026                     480.77707832          1  3.045463964  0.055305193           0.0
485  30645  2020-02-17 15:31  DREPBTC  0.00000026                     480.77707832          1  3.045463964  0.000000000           0.0
486  30646  2020-02-17 15:31  DREPBTC  0.00000026                     480.89934436          1  3.045463964  0.025430921           0.0
487  30647  2020-02-17 15:32  DREPBTC  0.00000026                     480.89934436          1  3.045463964  0.000000000           0.0
488  30648  2020-02-17 15:32  DREPBTC  0.00000026                     480.90164276          1  3.045463964  0.000477938           0.0
489  30649  2020-02-17 15:32  DREPBTC  0.00000026                     480.90164276          1  3.045463964  0.000000000           0.0
490  30650  2020-02-17 15:32  DREPBTC  0.00000026                     480.90164276          1  3.045463964  0.000000000           0.0
491  30651  2020-02-17 15:32  DREPBTC  0.00000026                     480.90164276          1  3.045463964  0.000000000           0.0
492  30652  2020-02-17 15:32  DREPBTC  0.00000026                     480.90164276          1  3.045463964  0.000000000           0.0
493  30653  2020-02-17 15:32  DREPBTC  0.00000026                     480.90164276          1  3.045463964  0.000000000           0.0
494  30654  2020-02-17 15:32  DREPBTC  0.00000026                     480.90164276          1  3.045463964  0.000000000           0.0
495  30655  2020-02-17 15:32  DREPBTC  0.00000026                     480.90164276          1  3.045463964  0.000000000           0.0
496  30656  2020-02-17 15:32  DREPBTC  0.00000026                     480.90164276          1  3.045463964  0.000000000           0.0
497  30657  2020-02-17 15:32  DREPBTC  0.00000026                     480.90164276          1  3.045463964  0.000000000           0.0
498  30658  2020-02-17 15:32  DREPBTC  0.00000026                     480.72706176          1  3.045463964 -0.036302850           0.0
499  30659  2020-02-17 15:32  DREPBTC  0.00000026                     485.72706170          1  3.303007094  1.040091216           0.0

oynaşan coin ufak kaanmış olsada kyabederdi.
483  26712  2020-02-17 07:27  FTMBTC  0.00000102                     120.15204109          0  1.652214097  0.000000000   0.000000000
484  26713  2020-02-17 07:27  FTMBTC  0.00000102                     120.15204109          0  1.652214097  0.000000000   0.000000000
485  26714  2020-02-17 07:27  FTMBTC  0.00000102                     120.15204109          0  1.652214097  0.000000000   0.000000000
486  26715  2020-02-17 07:27  FTMBTC  0.00000102                     120.15204109          0  1.652214097  0.000000000   0.000000000
487  26716  2020-02-17 07:27  FTMBTC  0.00000102                     120.15204109          0  1.652214097  0.000000000   0.000000000
488  26717  2020-02-17 07:27  FTMBTC  0.00000103                     121.78717021          1  2.716275732  1.360883348   0.980392157
489  26718  2020-02-17 07:27  FTMBTC  0.00000103                     121.79955905          1  2.716275732  0.010172533   0.000000000
490  26719  2020-02-17 07:27  FTMBTC  0.00000103                     121.79955905          1  2.716275732  0.000000000   0.000000000
491  26720  2020-02-17 07:27  FTMBTC  0.00000103                     121.79955905          1  2.716275732  0.000000000   0.000000000
492  26721  2020-02-17 07:27  FTMBTC  0.00000103                     121.79955905          1  2.716275732  0.000000000   0.000000000
493  26722  2020-02-17 07:27  FTMBTC  0.00000103                     121.83301345          1  2.716275732  0.027466766   0.000000000
494  26723  2020-02-17 07:27  FTMBTC  0.00000103                     121.83301345          1  2.716275732  0.000000000   0.000000000
495  26724  2020-02-17 07:27  FTMBTC  0.00000103                     121.83301345          1  2.716275732  0.000000000   0.000000000
496  26725  2020-02-17 07:27  FTMBTC  0.00000103                     121.83301345          1  2.716275732  0.000000000   0.000000000
497  26726  2020-02-17 07:27  FTMBTC  0.00000103                     121.83301345          1  2.716275732  0.000000000   0.000000000
498  26727  2020-02-17 07:27  FTMBTC  0.00000103                     121.83301345          1  2.716275732  0.000000000   0.000000000
499  26728  2020-02-17 07:27  FTMBTC  0.00000104                     123.83301249          1  3.255082193  1.641590389   0.970873786

485  17277  2020-02-19 05:17  COCOSBTC  0.00000006                      50.47099840          0  1.738951846   0.022483270   0.000000000
486  17278  2020-02-19 05:17  COCOSBTC  0.00000006                      50.47099840          0  1.738951846   0.000000000   0.000000000
487  17279  2020-02-19 05:17  COCOSBTC  0.00000006                      50.47636414          1  3.268989349   0.010631333   0.000000000
488  17280  2020-02-19 05:17  COCOSBTC  0.00000006                      50.90852872          1  3.268989349   0.856172166   0.000000000
489  17281  2020-02-19 05:17  COCOSBTC  0.00000006                      50.91904630          1  3.268989349   0.020659760   0.000000000
490  17282  2020-02-19 05:18  COCOSBTC  0.00000006                      50.91904630          1  3.268989349   0.000000000   0.000000000
491  17283  2020-02-19 05:18  COCOSBTC  0.00000006                      50.20453184          0  1.738951846  -1.403236140   0.000000000
492  17284  2020-02-19 05:18  COCOSBTC  0.00000006                      50.20453184          0  1.738951846   0.000000000   0.000000000
493  17285  2020-02-19 05:18  COCOSBTC  0.00000006                      50.20453184          0  1.738951846   0.000000000   0.000000000
494  17286  2020-02-19 05:18  COCOSBTC  0.00000006                      50.41070198          0  1.738951846   0.410660417   0.000000000
495  17287  2020-02-19 05:18  COCOSBTC  0.00000006                      50.41070198          0  1.738951846   0.000000000   0.000000000
496  17288  2020-02-19 05:18  COCOSBTC  0.00000006                      50.41070198          0  1.738951846   0.000000000   0.000000000
497  17289  2020-02-19 05:18  COCOSBTC  0.00000006                      50.46733022          0  1.738951846   0.112333766   0.000000000
498  17290  2020-02-19 05:18  COCOSBTC  0.00000006                      50.48997590          1  3.268989349   0.044871960   0.000000000
499  17291  2020-02-19 05:18  COCOSBTC  0.00000006                      55.82726078          1  3.311183800  10.570979258   0.000000000


oynaşan para big -4 loss
020-02-17 08:05  TNBBTC  0.00000027                      38.01681429          0  0.782595804  0.000000000   0.000000000
479   9419  2020-02-17 08:05  TNBBTC  0.00000027                      38.16267882          0  0.782595804  0.383684253   0.000000000
480   9420  2020-02-17 08:05  TNBBTC  0.00000027                      38.16267882          0  0.782595804  0.000000000   0.000000000
481   9421  2020-02-17 08:05  TNBBTC  0.00000027                      38.16267882          0  0.782595804  0.000000000   0.000000000
482   9422  2020-02-17 08:05  TNBBTC  0.00000027                      38.18967882          0  0.782595804  0.070749750   0.000000000
483   9423  2020-02-17 08:05  TNBBTC  0.00000027                      38.18967882          0  0.782595804  0.000000000   0.000000000
484   9424  2020-02-17 08:06  TNBBTC  0.00000027                      38.18967882          0  0.782595804  0.000000000   0.000000000
485   9425  2020-02-17 08:06  TNBBTC  0.00000027                      38.18967882          0  0.782595804  0.000000000   0.000000000
486   9426  2020-02-17 08:06  TNBBTC  0.00000027                      38.19773805          0  0.782595804  0.021103163   0.000000000
487   9427  2020-02-17 08:06  TNBBTC  0.00000027                      38.19773805          0  0.782595804  0.000000000   0.000000000
488   9428  2020-02-17 08:06  TNBBTC  0.00000026                      38.20133073          0  0.782595804  0.009405478  -3.703703704
489   9429  2020-02-17 08:06  TNBBTC  0.00000026                      38.20133073          0  0.782595804  0.000000000   0.000000000
490   9430  2020-02-17 08:06  TNBBTC  0.00000026                      38.20133073          0  0.782595804  0.000000000   0.000000000
491   9431  2020-02-17 08:06  TNBBTC  0.00000027                      38.29903131          1  2.703877531  0.255751771   3.846153846
492   9432  2020-02-17 08:06  TNBBTC  0.00000027                      38.29903131          1  2.703877531  0.000000000   0.000000000
493   9433  2020-02-17 08:06  TNBBTC  0.00000027                      38.30574594          1  2.703877531  0.017532114   0.000000000
494   9434  2020-02-17 08:06  TNBBTC  0.00000027                      38.42584842          1  2.703877531  0.313536461   0.000000000
495   9435  2020-02-17 08:06  TNBBTC  0.00000027                      38.42594967          1  2.703877531  0.000263495   0.000000000
496   9436  2020-02-17 08:06  TNBBTC  0.00000027                      38.42594967          1  2.703877531  0.000000000   0.000000000
497   9437  2020-02-17 08:06  TNBBTC  0.00000027                      38.42594967          1  2.703877531  0.000000000   0.000000000
498   9438  2020-02-17 08:06  TNBBTC  0.00000027                      38.42594967          1  2.703877531  0.000000000   0.000000000
499   9439  2020-02-17 08:06  TNBBTC  0.00000027                      39.14395986          1  3.228570768  1.868555484   0.000000000

loss -0.40
475  36674  2020-02-19 06:15  TNBBTC  0.00000023                      19.61728483          0  1.417600977  0.000000000   0.000000000
476  36675  2020-02-19 06:16  TNBBTC  0.00000023                      19.61728483          0  1.417600977  0.000000000   0.000000000
477  36676  2020-02-19 06:16  TNBBTC  0.00000023                      19.61728483          0  1.417600977  0.000000000   0.000000000
478  36677  2020-02-19 06:16  TNBBTC  0.00000023                      19.61728483          0  1.417600977  0.000000000   0.000000000
479  36678  2020-02-19 06:16  TNBBTC  0.00000023                      19.61728483          0  1.417600977  0.000000000   0.000000000
480  36679  2020-02-19 06:16  TNBBTC  0.00000023                      19.61728483          0  1.417600977  0.000000000   0.000000000
481  36680  2020-02-19 06:16  TNBBTC  0.00000023                      19.61728483          0  1.417600977  0.000000000   0.000000000
482  36681  2020-02-19 06:16  TNBBTC  0.00000023                      19.61728483          0  1.417600977  0.000000000   0.000000000
483  36682  2020-02-19 06:16  TNBBTC  0.00000023                      19.61728483          0  1.417600977  0.000000000   0.000000000
484  36683  2020-02-19 06:16  TNBBTC  0.00000023                      19.61728483          0  1.417600977  0.000000000   0.000000000
485  36684  2020-02-19 06:16  TNBBTC  0.00000024                      19.61740483          0  1.417600977  0.000611705   4.347826087
486  36685  2020-02-19 06:16  TNBBTC  0.00000022                      19.61751894          0  1.417600977  0.000581677  -8.333333333
487  36686  2020-02-19 06:16  TNBBTC  0.00000023                      19.74762566          1  2.040194706  0.663216997   4.545454545
488  36687  2020-02-19 06:16  TNBBTC  0.00000023                      19.74762566          1  2.040194706  0.000000000   0.000000000
489  36688  2020-02-19 06:16  TNBBTC  0.00000023                      19.74780805          1  2.040194706  0.000923605   0.000000000
490  36689  2020-02-19 06:16  TNBBTC  0.00000023                      19.74780805          1  2.040194706  0.000000000   0.000000000
491  36690  2020-02-19 06:16  TNBBTC  0.00000023                      19.74828139          1  2.040194706  0.002396924   0.000000000
492  36691  2020-02-19 06:16  TNBBTC  0.00000023                      19.74828139          1  2.040194706  0.000000000   0.000000000
493  36692  2020-02-19 06:16  TNBBTC  0.00000023                      19.74828139          1  2.040194706  0.000000000   0.000000000
494  36693  2020-02-19 06:16  TNBBTC  0.00000023                      19.74828139          1  2.040194706  0.000000000   0.000000000
495  36694  2020-02-19 06:16  TNBBTC  0.00000023                      19.74828139          1  2.040194706  0.000000000   0.000000000
496  36695  2020-02-19 06:16  TNBBTC  0.00000023                      19.74828139          1  2.040194706  0.000000000   0.000000000
497  36696  2020-02-19 06:16  TNBBTC  0.00000023                      19.74828139          1  2.040194706  0.000000000   0.000000000
498  36697  2020-02-19 06:16  TNBBTC  0.00000023                      19.74828139          1  2.040194706  0.000000000   0.000000000
499  36698  2020-02-19 06:16  TNBBTC  0.00000023                      20.06108139          1  3.159362562  1.583935300   0.000000000
