############################################################################################################################################
BUY COND 1
##########################################################################################################################################
=======================================================================================================================================
WIN CONDITIONS
=======================================================================================================================================

big
44105  SYSBTC  0.00000363                      29.28308141          0  2.185662601  0.000520645  -1.089918256
44106  SYSBTC  0.00000367                      29.96519495          1  3.209257325  2.329377604   1.101928375
44107  SYSBTC  0.00000367                      29.96519495          1  3.209257325  0.000000000   0.000000000
44108  SYSBTC  0.00000367                      29.96519495          1  3.209257325  0.000000000   0.000000000
44109  SYSBTC  0.00000367                      29.89533016          1  3.209257325 -0.233153130   0.000000000
44110  SYSBTC  0.00000367                      30.54417882          1  2.872471341  2.170401386   0.000000000


big
44105  SYSBTC  0.00000363                      29.28308141          0  2.185662601  0.000520645  -1.089918256
44106  SYSBTC  0.00000367                      29.96519495          1  3.209257325  2.329377604   1.101928375
44107  SYSBTC  0.00000367                      29.96519495          1  3.209257325  0.000000000   0.000000000
44108  SYSBTC  0.00000367                      29.96519495          1  3.209257325  0.000000000   0.000000000
44109  SYSBTC  0.00000367                      29.89533016          1  3.209257325 -0.233153130   0.000000000
44110  SYSBTC  0.00000367                      30.54417882          1  2.872471341  2.170401386   0.000000000


big
74261  SKYBTC  0.00006536                      32.56834635          0 -2.030686382  0.000000000   0.000000000
74262  SKYBTC  0.00006536                      32.56834635          0 -2.030686382  0.000000000   0.000000000
74263  SKYBTC  0.00006536                      32.56834635          0 -2.030686382  0.000000000   0.000000000
74264  SKYBTC  0.00006536                      32.56834635          0 -2.030686382  0.000000000   0.000000000
74265  SKYBTC  0.00006536                      32.56834635          0 -2.030686382  0.000000000   0.000000000
74266  SKYBTC  0.00006597                      32.76184057          1  3.045405629  0.594117423   0.933292534
74267  SKYBTC  0.00006597                      32.76184057          1  3.045405629  0.000000000   0.000000000
74268  SKYBTC  0.00006544                      32.76413101          1  3.045405629  0.006991182  -0.803395483
74269  SKYBTC  0.00006554                      32.96580753          1  1.932499281  0.615540574   0.152811736
74270  SKYBTC  0.00006554                      32.96580753          1  1.932499281  0.000000000   0.000000000


big
492  72276  2020-02-15 15:24  ONGBTC  0.00002296                      43.70985870          0  0.291421891  0.000000000   0.000000000
493  72277  2020-02-15 15:24  ONGBTC  0.00002296                      43.70985870          0  0.291421891  0.000000000   0.000000000
494  72278  2020-02-15 15:24  ONGBTC  0.00002296                      43.70985870          0  0.291421891  0.000000000   0.000000000
495  72279  2020-02-15 15:24  ONGBTC  0.00002307                      44.06467365          1  2.541957102  0.811750394   0.479094077
496  72280  2020-02-15 15:24  ONGBTC  0.00002307                      44.06559645          1  2.541957102  0.002094195   0.000000000
497  72281  2020-02-15 15:24  ONGBTC  0.00002308                      44.07262525          1  2.541957102  0.015950766   0.043346337
498  72282  2020-02-15 15:24  ONGBTC  0.00002327                      44.07492779          1  2.541957102  0.005224422   0.823223570
499  72283  2020-02-15 15:25  ONGBTC  0.00002327                      44.07492779          1  2.541957102  0.000000000   0.000000000


big
493  343760  ARKBTC  0.00002488                      24.88078221          0  2.690383530  0.181316079   0.040209087
494  343761  ARKBTC  0.00002493                      24.89801436          0  2.690383530  0.069258876   0.200964630
495  343762  ARKBTC  0.00002495                      25.00619842          1  3.093408469  0.434508786   0.080224629
496  343763  ARKBTC  0.00002492                      25.11950626          1  3.093408469  0.453119015  -0.120240481
497  343764  ARKBTC  0.00002488                      25.13376588          1  3.093408469  0.056767119  -0.160513644
498  343765  ARKBTC  0.00002500                      25.15084886          1  3.093408469  0.067968247   0.482315113
499  343766  ARKBTC  0.00002515                      25.55971232          1  3.093408469  1.625644774   0.600000000

big
492  90778  LRCBTC  0.00000368                      46.48063030          0 -3.172326577  0.017555683   0.272479564
493  90779  LRCBTC  0.00000368                      46.48063030          0 -3.172326577  0.000000000   0.000000000
494  90780  LRCBTC  0.00000368                      46.48063030          0 -3.172326577  0.000000000   0.000000000
495  90781  LRCBTC  0.00000369                      46.49122429          1  0.354719969  0.022792268   0.271739130
496  90782  LRCBTC  0.00000369                      46.49122429          1  0.354719969  0.000000000   0.000000000
497  90783  LRCBTC  0.00000369                      46.49122429          1  0.354719969  0.000000000   0.000000000
498  90784  LRCBTC  0.00000369                      46.49122429          1  0.354719969  0.000000000   0.000000000
499  90785  LRCBTC  0.00000372                      46.97436880          1  3.007429844  1.039216578   0.813008130

big - ama aarkasında 35 tane 0 var
491  75750  1581975311516  ENJBTC  0.00001268                     288.04439072          0  1.471935125  0.000000000   0.000000000
492  75751  1581975312583  ENJBTC  0.00001268                     288.04439072          0  1.471935125  0.000000000   0.000000000
493  75752  1581975313629  ENJBTC  0.00001268                     288.04439072          0  1.471935125  0.000000000   0.000000000
494  75753  1581975314392  ENJBTC  0.00001268                     288.04439072          0  1.471935125  0.000000000   0.000000000
495  75754  1581975315733  ENJBTC  0.00001277                     289.06022112          1  3.175202305  0.352664531   0.709779180
496  75755  1581975316677  ENJBTC  0.00001278                     289.08699038          1  3.175202305  0.009260790   0.078308536
497  75756  1581975317773  ENJBTC  0.00001278                     289.09163158          1  3.175202305  0.001605468   0.000000000
498  75757  1581975318730  ENJBTC  0.00001281                     290.49169685          1  3.222472055  0.484298097   0.234741784
499  75758  1581975319586  ENJBTC  0.00001281                     290.49169685          1  3.222472055  0.000000000   0.000000000


small
1  2020-02-17 19:39  GTOBTC  0.00000102                      28.53611228          0 -1.047176145  0.000000000   0.000000000
490  44412  2020-02-17 19:39  GTOBTC  0.00000102                      28.53611228          0 -1.047176145  0.000000000   0.000000000
491  44413  2020-02-17 19:39  GTOBTC  0.00000102                      28.53611228          0 -1.047176145  0.000000000   0.000000000
492  44414  2020-02-17 19:39  GTOBTC  0.00000102                      28.53611228          0 -1.047176145  0.000000000   0.000000000
493  44415  2020-02-17 19:39  GTOBTC  0.00000102                      28.53611228          0 -1.047176145  0.000000000   0.000000000
494  44416  2020-02-17 19:39  GTOBTC  0.00000102                      28.53611228          0 -1.047176145  0.000000000   0.000000000
495  44417  2020-02-17 19:39  GTOBTC  0.00000103                      28.69226028          1  3.101287951  0.547194371   0.980392157
496  44418  2020-02-17 19:39  GTOBTC  0.00000104                      28.84868347          1  3.101287951  0.545175558   0.970873786
497  44419  2020-02-17 19:39  GTOBTC  0.00000104                      29.00551547          1  3.101287951  0.543636593   0.000000000
498  44420  2020-02-17 19:39  GTOBTC  0.00000104                      29.33174283          1  3.101287951  1.124708024   0.000000000
499  44421  2020-02-17 19:39  GTOBTC  0.00000104                      29.49460472          1  3.101287951  0.555241095   0.000000000

 128948  2020-02-19 02:06  EDOBTC  0.00002355                      26.66165469          0 -0.403302451  0.000000000   0.000000000
489  128949  2020-02-19 02:06  EDOBTC  0.00002355                      26.66165469          0 -0.403302451  0.000000000   0.000000000
490  128950  2020-02-19 02:06  EDOBTC  0.00002355                      26.66165469          0 -0.403302451  0.000000000   0.000000000
491  128951  2020-02-19 02:06  EDOBTC  0.00002355                      26.66165469          0 -0.403302451  0.000000000   0.000000000
492  128952  2020-02-19 02:06  EDOBTC  0.00002355                      26.66165469          0 -0.403302451  0.000000000   0.000000000
493  128953  2020-02-19 02:06  EDOBTC  0.00002355                      26.66165469          0 -0.403302451  0.000000000   0.000000000
494  128954  2020-02-19 02:06  EDOBTC  0.00002355                      26.66165469          0 -0.403302451  0.000000000   0.000000000
495  128955  2020-02-19 02:07  EDOBTC  0.00002450                      26.91343783          1  2.981915333  0.944364267   4.033970276
496  128956  2020-02-19 02:07  EDOBTC  0.00002450                      27.06558283          1  2.706949211  0.565312395   0.000000000
497  128957  2020-02-19 02:07  EDOBTC  0.00002450                      27.11203283          1  2.706949211  0.171620173   0.000000000
498  128958  2020-02-19 02:07  EDOBTC  0.00002450                      27.15297233          1  2.981915333  0.151001219   0.000000000
499  128959  2020-02-19 02:07  EDOBTC  0.00002450                      27.41419133          1  2.981915333  0.962027276   0.000000000

=======================================================================================================================================
LOSS CONDITIONS
=======================================================================================================================================

big loss
485  54129  2020-02-15 22:07  SYSBTC  0.00000431                     205.82923824          0  2.894077347  0.000000000   0.000000000
486  54130  2020-02-15 22:07  SYSBTC  0.00000430                     205.90952354          0  2.894077347  0.039005780  -0.232018561
487  54131  2020-02-15 22:07  SYSBTC  0.00000430                     205.90952354          0  2.894077347  0.000000000   0.000000000
488  54132  2020-02-15 22:07  SYSBTC  0.00000428                     206.36140816          0  2.894077347  0.219457853  -0.465116279
489  54133  2020-02-15 22:07  SYSBTC  0.00000425                     206.38098090          0  2.894077347  0.009484690  -0.700934579
490  54134  2020-02-15 22:07  SYSBTC  0.00000425                     206.38098090          0  2.894077347  0.000000000   0.000000000
491  54135  2020-02-15 22:07  SYSBTC  0.00000426                     206.38108314          0  2.894077347  0.000049539   0.235294118
492  54136  2020-02-15 22:07  SYSBTC  0.00000426                     206.43522348          0  2.894077347  0.026233189   0.000000000
493  54137  2020-02-15 22:07  SYSBTC  0.00000426                     206.43922362          0  2.894077347  0.001937722   0.000000000
494  54138  2020-02-15 22:07  SYSBTC  0.00000426                     206.43922362          0  2.894077347  0.000000000   0.000000000
495  54139  2020-02-15 22:07  SYSBTC  0.00000430                     206.58769273          1  3.202496205  0.071919041   0.938967136
496  54140  2020-02-15 22:07  SYSBTC  0.00000430                     206.58769273          1  3.202496205  0.000000000   0.000000000
497  54141  2020-02-15 22:07  SYSBTC  0.00000427                     206.59180474          1  3.202496205  0.001990443  -0.697674419
498  54142  2020-02-15 22:07  SYSBTC  0.00000430                     206.59259164          1  3.202496205  0.000380896   0.702576112
499  54143  2020-02-15 22:07  SYSBTC  0.00000431                     207.73240661          1  3.202496205  0.551721125   0.232558140

big loss
6288          0  2.729877291  0.000000000   0.000000000
488  14000  2020-02-17 01:40  NKNBTC  0.00000260                      56.29726288          0  2.729877291  0.000000000   0.000000000
489  14001  2020-02-17 01:40  NKNBTC  0.00000260                      56.29726288          0  2.729877291  0.000000000   0.000000000
490  14002  2020-02-17 01:41  NKNBTC  0.00000259                      56.30781972          0  2.729877291  0.018751960  -0.384615385
491  14003  2020-02-17 01:41  NKNBTC  0.00000259                      56.30781972          0  2.729877291  0.000000000   0.000000000
492  14004  2020-02-17 01:41  NKNBTC  0.00000259                      56.30781972          0  2.729877291  0.000000000   0.000000000
493  14005  2020-02-17 01:41  NKNBTC  0.00000259                      56.30781972          0  2.729877291  0.000000000   0.000000000
494  14006  2020-02-17 01:41  NKNBTC  0.00000259                      56.32597303          0  2.729877291  0.032239412   0.000000000
495  14007  2020-02-17 01:41  NKNBTC  0.00000260                      56.97159203          1  3.265844482  1.146218991   0.386100386
496  14008  2020-02-17 01:41  NKNBTC  0.00000260                      56.97159203          1  3.265844482  0.000000000   0.000000000
497  14009  2020-02-17 01:41  NKNBTC  0.00000260                      56.97159203          1  3.265844482  0.000000000   0.000000000
498  14010  2020-02-17 01:41  NKNBTC  0.00000260                      56.97159203          1  3.265844482  0.000000000   0.000000000
499  14011  2020-02-17 01:41  NKNBTC  0.00000260                      58.91798295          1  3.265844482  3.416423608   0.000000000

485  143756  2020-02-18 20:34  MATICBTC  0.00000212                     979.43728223          0  1.013220155  0.000000000   0.000000000
486  143757  2020-02-18 20:34  MATICBTC  0.00000212                     979.43709047          0  1.013220155 -0.000019579   0.000000000
487  143758  2020-02-18 20:34  MATICBTC  0.00000212                     979.43709047          0  1.013220155  0.000000000   0.000000000
488  143759  2020-02-18 20:34  MATICBTC  0.00000212                     979.43709047          0  1.013220155  0.000000000   0.000000000
489  143760  2020-02-18 20:34  MATICBTC  0.00000212                     979.43709047          0  1.013220155  0.000000000   0.000000000
490  143761  2020-02-18 20:34  MATICBTC  0.00000212                     979.43709047          0  1.013220155  0.000000000   0.000000000
491  143762  2020-02-18 20:34  MATICBTC  0.00000212                     979.43709047          0  1.013220155  0.000000000   0.000000000
492  143763  2020-02-18 20:34  MATICBTC  0.00000212                     979.43709047          0  1.013220155  0.000000000   0.000000000
493  143764  2020-02-18 20:34  MATICBTC  0.00000212                     979.43709047          0  1.013220155  0.000000000   0.000000000
494  143765  2020-02-18 20:34  MATICBTC  0.00000212                     979.43709047          0  1.013220155  0.000000000   0.000000000
495  143766  2020-02-18 20:34  MATICBTC  0.00000213                     982.91393633          1  3.296681623  0.354984092   0.471698113
496  143767  2020-02-18 20:34  MATICBTC  0.00000213                     986.29366484          1  3.271869365  0.343847857   0.000000000
497  143768  2020-02-18 20:34  MATICBTC  0.00000213                     986.29366484          1  3.271869365  0.000000000   0.000000000
498  143769  2020-02-18 20:34  MATICBTC  0.00000213                     990.76626653          1  3.271869365  0.453475658   0.000000000
499  143770  2020-02-18 20:34  MATICBTC  0.00000213                     990.76626653          1  3.271869365  0.000000000   0.000000000

5  152133  2020-02-18 23:42  MATICBTC  0.00000211                    1124.14577946          0  1.255745981  0.000000000   0.000000000
486  152134  2020-02-18 23:42  MATICBTC  0.00000211                    1124.14577946          0  1.255745981  0.000000000   0.000000000
487  152135  2020-02-18 23:42  MATICBTC  0.00000211                    1124.14577946          0  1.255745981  0.000000000   0.000000000
488  152136  2020-02-18 23:42  MATICBTC  0.00000211                    1124.14577946          0  1.255745981  0.000000000   0.000000000
489  152137  2020-02-18 23:42  MATICBTC  0.00000211                    1124.14577946          0  1.255745981  0.000000000   0.000000000
490  152138  2020-02-18 23:42  MATICBTC  0.00000211                    1124.14577946          0  1.255745981  0.000000000   0.000000000
491  152139  2020-02-18 23:42  MATICBTC  0.00000211                    1124.14577946          0  1.255745981  0.000000000   0.000000000
492  152140  2020-02-18 23:42  MATICBTC  0.00000211                    1124.14577946          0  1.255745981  0.000000000   0.000000000
493  152141  2020-02-18 23:42  MATICBTC  0.00000211                    1124.14577946          0  1.255745981  0.000000000   0.000000000
494  152142  2020-02-18 23:42  MATICBTC  0.00000210                    1124.16812556          0  1.255745981  0.001987829  -0.473933649
495  152143  2020-02-18 23:42  MATICBTC  0.00000212                    1126.01387545          1  3.299114529  0.164188065   0.952380952
496  152144  2020-02-18 23:42  MATICBTC  0.00000212                    1128.42663695          1  3.299114529  0.214274580   0.000000000
497  152145  2020-02-18 23:42  MATICBTC  0.00000213                    1130.78051846          1  3.299114529  0.208598542   0.471698113
498  152146  2020-02-18 23:42  MATICBTC  0.00000213                    1132.62934434          1  3.299114529  0.163499976   0.000000000
499  152147  2020-02-18 23:42  MATICBTC  0.00000213                    1134.56328423          1  3.299114529  0.170747818   0.000000000

487  69983  2020-02-18 09:21  GRSBTC  0.00002201                      17.55534797          0 -1.669354848  0.000000000   0.000000000
488  69984  2020-02-18 09:21  GRSBTC  0.00002201                      17.55534797          0 -1.669354848  0.000000000   0.000000000
489  69985  2020-02-18 09:21  GRSBTC  0.00002201                      17.55534797          0 -1.669354848  0.000000000   0.000000000
490  69986  2020-02-18 09:21  GRSBTC  0.00002201                      17.55534797          0 -1.669354848  0.000000000   0.000000000
491  69987  2020-02-18 09:21  GRSBTC  0.00002201                      17.55534797          0 -1.669354848  0.000000000   0.000000000
492  69988  2020-02-18 09:21  GRSBTC  0.00002207                      17.57267292          0 -1.669354848  0.098687591   0.272603362
493  69989  2020-02-18 09:21  GRSBTC  0.00002207                      17.57267292          0 -1.669354848  0.000000000   0.000000000
494  69990  2020-02-18 09:21  GRSBTC  0.00002206                      17.59085036          0 -1.669354848  0.103441520  -0.045310376
495  69991  2020-02-18 09:21  GRSBTC  0.00002209                      17.61991292          1  2.109951273  0.165214071   0.135992747
496  69992  2020-02-18 09:21  GRSBTC  0.00002209                      17.61991292          1  2.109951273  0.000000000   0.000000000
497  69993  2020-02-18 09:21  GRSBTC  0.00002211                      17.64144242          1  2.109951273  0.122188459   0.090538705
498  69994  2020-02-18 09:21  GRSBTC  0.00002213                      17.67829010          1  2.109951273  0.208869996   0.090456807
499  69995  2020-02-18 09:21  GRSBTC  0.00002213                      17.68674376          1  2.109951273  0.047819444   0.000000000

loss - 1.9
486  185457  2020-02-19 10:32  BANDBTC  0.00003862                     102.87447554          0  2.492695030  0.010024424   0.025900026
487  185458  2020-02-19 10:32  BANDBTC  0.00003862                     102.87447554          0  2.492695030  0.000000000   0.000000000
488  185459  2020-02-19 10:32  BANDBTC  0.00003862                     102.88760634          0  2.492695030  0.012763905   0.000000000
489  185460  2020-02-19 10:32  BANDBTC  0.00003862                     102.94696528          0  2.492695030  0.057692993   0.000000000
490  185461  2020-02-19 10:32  BANDBTC  0.00003861                     103.09814152          0  2.492695030  0.146848661  -0.025893320
491  185462  2020-02-19 10:32  BANDBTC  0.00003881                     103.19710702          0  2.492695030  0.095991546   0.518000518
492  185463  2020-02-19 10:32  BANDBTC  0.00003881                     103.19951324          0  2.492695030  0.002331674   0.000000000
493  185464  2020-02-19 10:32  BANDBTC  0.00003862                     103.20325938          0  2.492695030  0.003629998  -0.489564545
494  185465  2020-02-19 10:32  BANDBTC  0.00003885                     103.30231036          0  2.492695030  0.095976601   0.595546349
495  185466  2020-02-19 10:32  BANDBTC  0.00003890                     103.40138390          1  3.194335596  0.095906413   0.128700129
496  185467  2020-02-19 10:32  BANDBTC  0.00003880                     103.50807255          1  3.194335596  0.103179132  -0.257069409
497  185468  2020-02-19 10:32  BANDBTC  0.00003890                     103.69399322          1  3.194335596  0.179619488   0.257731959
498  185469  2020-02-19 10:32  BANDBTC  0.00003890                     104.19257455          1  3.194335596  0.480819876   0.000000000
499  185470  2020-02-19 10:32  BANDBTC  0.00003893                     104.45272622          1  3.194335596  0.249683503   0.077120823

loss - ticker2 - 1.7
488  110472  2020-02-19 05:54  FTMBTC  0.00000104                     152.52605692          0  0.962136548  0.000000000   0.000000000
489  110473  2020-02-19 05:54  FTMBTC  0.00000104                     152.52605692          0  0.962136548  0.000000000   0.000000000
490  110474  2020-02-19 05:55  FTMBTC  0.00000104                     152.52605692          0  0.962136548  0.000000000   0.000000000
491  110475  2020-02-19 05:55  FTMBTC  0.00000104                     152.52605692          0  0.962136548  0.000000000   0.000000000
492  110476  2020-02-19 05:55  FTMBTC  0.00000104                     152.52605692          0  0.962136548  0.000000000   0.000000000
493  110477  2020-02-19 05:55  FTMBTC  0.00000104                     152.52605692          0  0.962136548  0.000000000   0.000000000
494  110478  2020-02-19 05:55  FTMBTC  0.00000104                     152.52605692          0  0.962136548  0.000000000   0.000000000
495  110479  2020-02-19 05:55  FTMBTC  0.00000105                     152.84637412          1  2.852603087  0.210008183   0.961538462
496  110480  2020-02-19 05:55  FTMBTC  0.00000105                     152.84637412          1  2.852603087  0.000000000   0.000000000
497  110481  2020-02-19 05:55  FTMBTC  0.00000105                     152.84637412          1  2.852603087  0.000000000   0.000000000
498  110482  2020-02-19 05:55  FTMBTC  0.00000105                     152.85478987          1  2.852603087  0.005506019   0.000000000

oynaşancoin
486  110470  2020-02-19 05:54  FTMBTC  0.00000104                     152.52605692          0  0.962136548  0.000000000   0.000000000
487  110471  2020-02-19 05:54  FTMBTC  0.00000104                     152.52605692          0  0.962136548  0.000000000   0.000000000
488  110472  2020-02-19 05:54  FTMBTC  0.00000104                     152.52605692          0  0.962136548  0.000000000   0.000000000
489  110473  2020-02-19 05:54  FTMBTC  0.00000104                     152.52605692          0  0.962136548  0.000000000   0.000000000
490  110474  2020-02-19 05:55  FTMBTC  0.00000104                     152.52605692          0  0.962136548  0.000000000   0.000000000
491  110475  2020-02-19 05:55  FTMBTC  0.00000104                     152.52605692          0  0.962136548  0.000000000   0.000000000
492  110476  2020-02-19 05:55  FTMBTC  0.00000104                     152.52605692          0  0.962136548  0.000000000   0.000000000
493  110477  2020-02-19 05:55  FTMBTC  0.00000104                     152.52605692          0  0.962136548  0.000000000   0.000000000
494  110478  2020-02-19 05:55  FTMBTC  0.00000104                     152.52605692          0  0.962136548  0.000000000   0.000000000
495  110479  2020-02-19 05:55  FTMBTC  0.00000105                     152.84637412          1  2.852603087  0.210008183   0.961538462
496  110480  2020-02-19 05:55  FTMBTC  0.00000105                     152.84637412          1  2.852603087  0.000000000   0.000000000
497  110481  2020-02-19 05:55  FTMBTC  0.00000105                     152.84637412          1  2.852603087  0.000000000   0.000000000
498  110482  2020-02-19 05:55  FTMBTC  0.00000105                     152.85478987          1  2.852603087  0.005506019   0.000000000
499  110483  2020-02-19 05:55  FTMBTC  0.00000106                     153.34847427          1  3.189528410  0.322976074   0.952380952


489  92291  2020-02-18 08:49  EDOBTC  0.00002465                      21.44214483          0 -2.667279891  0.000000000   0.000000000
490  92292  2020-02-18 08:49  EDOBTC  0.00002465                      21.44214483          0 -2.667279891  0.000000000   0.000000000
491  92293  2020-02-18 08:49  EDOBTC  0.00002465                      21.44214483          0 -2.667279891  0.000000000   0.000000000
492  92294  2020-02-18 08:49  EDOBTC  0.00002465                      21.44214483          0 -2.667279891  0.000000000   0.000000000
493  92295  2020-02-18 08:49  EDOBTC  0.00002465                      21.44214483          0 -2.667279891  0.000000000   0.000000000
494  92296  2020-02-18 08:49  EDOBTC  0.00002465                      21.44214483          0 -2.667279891  0.000000000   0.000000000
495  92297  2020-02-18 08:49  EDOBTC  0.00002490                      21.49670090          1  2.021788445  0.254433828   1.014198783
496  92298  2020-02-18 08:49  EDOBTC  0.00002490                      21.49670090          1  2.021788445  0.000000000   0.000000000
497  92299  2020-02-18 08:49  EDOBTC  0.00002490                      21.49670090          1  2.021788445  0.000000000   0.000000000
498  92300  2020-02-18 08:49  EDOBTC  0.00002490                      21.49670090          1  2.021788445  0.000000000   0.000000000
499  92301  2020-02-18 08:49  EDOBTC  0.00002509                      21.56737433          1  2.872359541  0.328764076   0.763052209


5  115017  2020-02-18 18:38  EDOBTC  0.00002361                      27.66174986          0 -0.196452929  0.000000000   0.000000000
486  115018  2020-02-18 18:38  EDOBTC  0.00002361                      27.66174986          0 -0.196452929  0.000000000   0.000000000
487  115019  2020-02-18 18:38  EDOBTC  0.00002361                      27.66174986          0 -0.196452929  0.000000000   0.000000000
488  115020  2020-02-18 18:38  EDOBTC  0.00002361                      27.66174986          0 -0.196452929  0.000000000   0.000000000
489  115021  2020-02-18 18:38  EDOBTC  0.00002361                      27.66174986          0 -0.196452929  0.000000000   0.000000000
490  115022  2020-02-18 18:38  EDOBTC  0.00002361                      27.66174986          0 -0.196452929  0.000000000   0.000000000
491  115023  2020-02-18 18:38  EDOBTC  0.00002361                      27.66174986          0 -0.196452929  0.000000000   0.000000000
492  115024  2020-02-18 18:38  EDOBTC  0.00002361                      27.66174986          0 -0.196452929  0.000000000   0.000000000
493  115025  2020-02-18 18:38  EDOBTC  0.00002361                      27.66174986          0 -0.196452929  0.000000000   0.000000000
494  115026  2020-02-18 18:38  EDOBTC  0.00002345                      27.67455356          0 -0.196452929  0.046286660  -0.677678950
495  115027  2020-02-18 18:38  EDOBTC  0.00002362                      27.74628130          1  2.971169553  0.259183007   0.724946695
496  115028  2020-02-18 18:38  EDOBTC  0.00002362                      27.79843426          1  2.689230032  0.187963783   0.000000000
497  115029  2020-02-18 18:38  EDOBTC  0.00002364                      27.81232968          1  2.689230032  0.049986340   0.084674005
498  115030  2020-02-18 18:38  EDOBTC  0.00002367                      27.90096912          1  2.689230032  0.318705556   0.126903553
499  115031  2020-02-18 18:38  EDOBTC  0.00002367                      27.90096912          1  2.689230032  0.000000000   0.000000000

491  67735  2020-02-17 23:53  NXSBTC  0.00002253                      16.79433166          0 -3.445391212  0.000000000   0.000000000
492  67736  2020-02-17 23:53  NXSBTC  0.00002253                      16.79433166          0 -3.445391212  0.000000000   0.000000000
493  67737  2020-02-17 23:53  NXSBTC  0.00002253                      16.79433166          0 -3.445391212  0.000000000   0.000000000
494  67738  2020-02-17 23:53  NXSBTC  0.00002253                      16.79433166          0 -3.445391212  0.000000000   0.000000000
495  67739  2020-02-17 23:53  NXSBTC  0.00002255                      16.84361272          1  2.506268014  0.293438649   0.088770528
496  67740  2020-02-17 23:53  NXSBTC  0.00002257                      16.88246965          1  1.608096013  0.230692374   0.088691796
497  67741  2020-02-17 23:53  NXSBTC  0.00002257                      16.88246965          1  1.608096013  0.000000000   0.000000000
498  67742  2020-02-17 23:53  NXSBTC  0.00002257                      16.88246965          1  1.608096013  0.000000000   0.000000000
499  67743  2020-02-17 23:53  NXSBTC  0.00002260                      16.93486138          1  2.506268014  0.310332144   0.132919805

trendin baslangcı ama gucsuz
BTC  0.00002510                      14.91291185          0  0.494096106  0.000000000   0.000000000
109288  NXSBTC  0.00002510                      14.91291185          0  0.494096106  0.000000000   0.000000000
109289  NXSBTC  0.00002511                      14.91336383          0  0.494096106  0.003030796   0.039840637
109290  NXSBTC  0.00002511                      14.91336383          0  0.494096106  0.000000000   0.000000000
109291  NXSBTC  0.00002511                      14.91336383          0  0.494096106  0.000000000   0.000000000
109292  NXSBTC  0.00002511                      14.91336383          0  0.494096106  0.000000000   0.000000000
109293  NXSBTC  0.00002510                      14.97252453          0  0.494096106  0.396695881  -0.039824771
109294  NXSBTC  0.00002513                      15.09475740          1  2.820195023  0.816381164   0.119521912
109295  NXSBTC  0.00002495                      15.09555636          1  2.820195023  0.005292964  -0.716275368
109296  NXSBTC  0.00002495                      15.09555636          1  2.820195023  0.000000000   0.000000000
109297  NXSBTC  0.00002513                      15.41123942          1  2.968858212  2.091231701   0.721442886
109298  NXSBTC  0.00002513                      15.41123942          1  2.968858212  0.000000000   0.000000000

488  14637  2020-02-16 21:42  GXSBTC  0.00005290                      25.33079326          0 -4.971279318  0.000000000   0.000000000
489  14638  2020-02-16 21:42  GXSBTC  0.00005290                      25.33079326          0 -4.971279318  0.000000000   0.000000000
490  14639  2020-02-16 21:42  GXSBTC  0.00005290                      25.33079326          0 -4.971279318  0.000000000   0.000000000
491  14640  2020-02-16 21:42  GXSBTC  0.00005290                      25.33079326          0 -4.971279318  0.000000000   0.000000000
492  14641  2020-02-16 21:42  GXSBTC  0.00005290                      25.33079326          0 -4.971279318  0.000000000   0.000000000
493  14642  2020-02-16 21:42  GXSBTC  0.00005266                      25.33732310          0 -4.971279318  0.025778269  -0.453686200
494  14643  2020-02-16 21:42  GXSBTC  0.00005266                      25.33732310          0 -4.971279318  0.000000000   0.000000000
495  14644  2020-02-16 21:42  GXSBTC  0.00005301                      25.45737934          1  2.106456248  0.473831586   0.664641094
496  14645  2020-02-16 21:42  GXSBTC  0.00005282                      25.46303024          1  2.106456248  0.022197493  -0.358422939
497  14646  2020-02-16 21:42  GXSBTC  0.00005296                      25.49278938          1  2.106456248  0.116871950   0.265051117
498  14647  2020-02-16 21:42  GXSBTC  0.00005296                      25.49278938          1  2.106456248  0.000000000   0.000000000
499  14648  2020-02-16 21:42  GXSBTC  0.00005307                      25.61802958          1  2.589803415  0.491276957   0.207703927

489  90911  2020-02-18 15:39  INSBTC  0.00001955                      74.57438561          0 -1.898691978  0.000000000   0.000000000
490  90912  2020-02-18 15:39  INSBTC  0.00001955                      74.57438561          0 -1.898691978  0.000000000   0.000000000
491  90913  2020-02-18 15:39  INSBTC  0.00001955                      74.57438561          0 -1.898691978  0.000000000   0.000000000
492  90914  2020-02-18 15:39  INSBTC  0.00001955                      74.57438561          0 -1.898691978  0.000000000   0.000000000
493  90915  2020-02-18 15:39  INSBTC  0.00001955                      74.57438561          0 -1.898691978  0.000000000   0.000000000
494  90916  2020-02-18 15:39  INSBTC  0.00001955                      74.57438561          0 -1.898691978  0.000000000   0.000000000
495  90917  2020-02-18 15:39  INSBTC  0.00001959                      74.84030027          1  2.499818497  0.356576401   0.204603581
496  90918  2020-02-18 15:39  INSBTC  0.00001959                      74.84030027          1  2.499818497  0.000000000   0.000000000
497  90919  2020-02-18 15:39  INSBTC  0.00001959                      74.84030027          1  2.499818497  0.000000000   0.000000000
498  90920  2020-02-18 15:39  INSBTC  0.00001959                      74.84030027          1  2.499818497  0.000000000   0.000000000
499  90921  2020-02-18 15:39  INSBTC  0.00001959                      75.47973746          1  3.068547077  0.854402224   0.000000000
