

############################################################################################################################################
BUY COND 3 - EXPERIMENTAL
##########################################################################################################################################
=======================================================================================================================================
WIN CONDITIONS
=======================================================================================================================================
600 0.27 / 200 %7 / 100 %6
465  90780  2020-02-06 10:44  LRCBTC  0.00000368                      46.48063030          0 -1.573437248  0.000000000   0.000000000
466  90781  2020-02-06 10:44  LRCBTC  0.00000369                      46.49122429          0 -1.573437248  0.022792268   0.271739130
467  90782  2020-02-06 10:44  LRCBTC  0.00000369                      46.49122429          0 -1.573437248  0.000000000   0.000000000
468  90783  2020-02-06 10:44  LRCBTC  0.00000369                      46.49122429          0 -1.573437248  0.000000000   0.000000000
469  90784  2020-02-06 10:44  LRCBTC  0.00000369                      46.49122429          0 -1.573437248  0.000000000   0.000000000
470  90785  2020-02-06 10:44  LRCBTC  0.00000372                      46.97436880          1  2.633127882  1.039216578   0.813008130
471  90786  2020-02-06 10:44  LRCBTC  0.00000372                      46.98686800          1  2.633127882  0.026608553   0.000000000
472  90787  2020-02-06 10:44  LRCBTC  0.00000372                      47.01561988          1  2.633127882  0.061191310   0.000000000
473  90788  2020-02-06 10:44  LRCBTC  0.00000371                      47.02621935          1  2.633127882  0.022544571  -0.268817204
474  90789  2020-02-06 10:44  LRCBTC  0.00000371                      47.02621935          1  2.633127882  0.000000000   0.000000000
475  90790  2020-02-06 10:44  LRCBTC  0.00000371                      47.02621935          1  2.633127882  0.000000000   0.000000000
476  90791  2020-02-06 10:44  LRCBTC  0.00000371                      47.02621935          1  2.633127882  0.000000000   0.000000000
477  90792  2020-02-06 10:44  LRCBTC  0.00000371                      47.02621935          1  2.633127882  0.000000000   0.000000000
478  90793  2020-02-06 10:44  LRCBTC  0.00000371                      47.02621935          1  2.633127882  0.000000000   0.000000000
479  90794  2020-02-06 10:44  LRCBTC  0.00000371                      47.02621935          1  2.633127882  0.000000000   0.000000000
480  90795  2020-02-06 10:44  LRCBTC  0.00000372                      47.22991287          1  2.688963663  0.433148832   0.269541779
481  90796  2020-02-06 10:44  LRCBTC  0.00000372                      47.22991287          1  2.688963663  0.000000000   0.000000000
482  90797  2020-02-06 10:44  LRCBTC  0.00000375                      47.34407037          1  2.688963663  0.241705930   0.806451613
483  90798  2020-02-06 10:44  LRCBTC  0.00000375                      47.38533162          1  2.688963663  0.087151886   0.000000000
484  90799  2020-02-06 10:44  LRCBTC  0.00000375                      47.42991162          1  2.688963663  0.094079747   0.000000000
485  90800  2020-02-06 10:44  LRCBTC  0.00000373                      47.43001606          1  2.688963663  0.000220199  -0.533333333
486  90801  2020-02-06 10:44  LRCBTC  0.00000375                      47.43464731          1  2.688963663  0.009764386   0.536193029
487  90802  2020-02-06 10:44  LRCBTC  0.00000375                      47.44525981          1  2.688963663  0.022372887   0.000000000
488  90803  2020-02-06 10:44  LRCBTC  0.00000375                      47.44525981          1  2.688963663  0.000000000   0.000000000
489  90804  2020-02-06 10:44  LRCBTC  0.00000375                      47.68086018          1  2.633127882  0.496573042   0.000000000
490  90805  2020-02-06 10:44  LRCBTC  0.00000375                      47.68086018          1  2.633127882  0.000000000   0.000000000
491  90806  2020-02-06 10:44  LRCBTC  0.00000376                      47.68546994          1  2.633127882  0.009667946   0.266666667
492  90807  2020-02-06 10:44  LRCBTC  0.00000376                      47.68546994          1  2.633127882  0.000000000   0.000000000
493  90808  2020-02-06 10:44  LRCBTC  0.00000380                      47.73719716          1  2.633127882  0.108475852   1.063829787
494  90809  2020-02-06 10:44  LRCBTC  0.00000376                      47.76738998          1  2.633127882  0.063247995  -1.052631579
495  90810  2020-02-06 10:44  LRCBTC  0.00000377                      47.78663336          1  2.633127882  0.040285601   0.265957447
496  90811  2020-02-06 10:45  LRCBTC  0.00000378                      47.79349508          1  2.633127882  0.014359078   0.265251989
497  90812  2020-02-06 10:45  LRCBTC  0.00000376                      47.79808980          1  2.633127882  0.009613693  -0.529100529
498  90813  2020-02-06 10:45  LRCBTC  0.00000378                      47.79987774          1  2.633127882  0.003740610   0.531914894
499  90814  2020-02-06 10:45  LRCBTC  0.00000382                      49.51640194          1  3.236239342  3.591063997   1.058201058

win 200 - 12%  / 600 - 33 %
466  343735  2020-02-10 18:30  ARKBTC  0.00002441                      24.13261735          0  1.973517317  0.230742736   0.370065789
467  343736  2020-02-10 18:30  ARKBTC  0.00002441                      24.13261735          0  1.973517317  0.000000000   0.000000000
468  343737  2020-02-10 18:31  ARKBTC  0.00002441                      24.13261735          0  1.973517317  0.000000000   0.000000000
469  343738  2020-02-10 18:31  ARKBTC  0.00002442                      24.14118832          0  1.973517317  0.035516123   0.040966817
470  343739  2020-02-10 18:31  ARKBTC  0.00002442                      24.14118832          0  1.973517317  0.000000000   0.000000000
471  343740  2020-02-10 18:31  ARKBTC  0.00002448                      24.14453583          0  1.973517317  0.013866385   0.245700246
472  343741  2020-02-10 18:31  ARKBTC  0.00002448                      24.14453583          0  1.973517317  0.000000000   0.000000000
473  343742  2020-02-10 18:31  ARKBTC  0.00002456                      24.27625150          1  2.627247633  0.545529932   0.326797386
474  343743  2020-02-10 18:31  ARKBTC  0.00002456                      24.27730758          1  2.627247633  0.004350260   0.000000000
475  343744  2020-02-10 18:31  ARKBTC  0.00002456                      24.27770054          1  2.627247633  0.001618631   0.000000000
476  343745  2020-02-10 18:31  ARKBTC  0.00002456                      24.31497496          1  2.627247633  0.153533569   0.000000000
477  343746  2020-02-10 18:31  ARKBTC  0.00002468                      24.46703502          1  2.627247633  0.625376174   0.488599349
478  343747  2020-02-10 18:31  ARKBTC  0.00002469                      24.47814236          1  2.627247633  0.045397164   0.040518639
479  343748  2020-02-10 18:31  ARKBTC  0.00002469                      24.47814236          1  2.627247633  0.000000000   0.000000000
480  343749  2020-02-10 18:31  ARKBTC  0.00002456                      24.47865812          1  2.627247633  0.002107023  -0.526528959
481  343750  2020-02-10 18:31  ARKBTC  0.00002456                      24.47865812          1  2.627247633  0.000000000   0.000000000
482  343751  2020-02-10 18:31  ARKBTC  0.00002456                      24.47897740          1  2.627247633  0.001304320   0.000000000
483  343752  2020-02-10 18:31  ARKBTC  0.00002456                      24.48425780          1  2.627247633  0.021571163   0.000000000
484  343753  2020-02-10 18:31  ARKBTC  0.00002468                      24.55834716          1  2.627247633  0.302599983   0.488599349
485  343754  2020-02-10 18:31  ARKBTC  0.00002469                      24.80297086          1  2.627247633  0.996091872   0.040518639
486  343755  2020-02-10 18:31  ARKBTC  0.00002469                      24.80297086          1  2.627247633  0.000000000   0.000000000
487  343756  2020-02-10 18:31  ARKBTC  0.00002479                      24.80316918          1  2.627247633  0.000799582   0.405022276
488  343757  2020-02-10 18:31  ARKBTC  0.00002479                      24.81487190          1  2.627247633  0.047182358   0.000000000
489  343758  2020-02-10 18:31  ARKBTC  0.00002479                      24.81735090          1  2.627247633  0.009989977   0.000000000
490  343759  2020-02-10 18:31  ARKBTC  0.00002487                      24.83575100          1  2.627247633  0.074142079   0.322710770
491  343760  2020-02-10 18:31  ARKBTC  0.00002488                      24.88078221          1  2.627247633  0.181316079   0.040209087
492  343761  2020-02-10 18:31  ARKBTC  0.00002493                      24.89801436          1  2.627247633  0.069258876   0.200964630
493  343762  2020-02-10 18:31  ARKBTC  0.00002495                      25.00619842          1  3.153664518  0.434508786   0.080224629
494  343763  2020-02-10 18:31  ARKBTC  0.00002492                      25.11950626          1  3.153664518  0.453119015  -0.120240481
495  343764  2020-02-10 18:31  ARKBTC  0.00002488                      25.13376588          1  3.153664518  0.056767119  -0.160513644
496  343765  2020-02-10 18:31  ARKBTC  0.00002500                      25.15084886          1  3.153664518  0.067968247   0.482315113
497  343766  2020-02-10 18:31  ARKBTC  0.00002515                      25.55971232          1  3.193926580  1.625644774   0.600000000
498  343767  2020-02-10 18:31  ARKBTC  0.00002462                      25.72366555          1  3.193926580  0.641451781  -2.107355865
499  343768  2020-02-10 18:31  ARKBTC  0.00002520                      26.20028497          1  3.193926580  1.852844102   2.355808286

600 - 6%  / win 200 - 13% / / 100 -  17%
460  72273  2020-02-15 15:24  ONGBTC  0.00002296                      43.70985870          0  0.969423956  0.000000000   0.000000000
461  72274  2020-02-15 15:24  ONGBTC  0.00002296                      43.70985870          0  0.969423956  0.000000000   0.000000000
462  72275  2020-02-15 15:24  ONGBTC  0.00002296                      43.70985870          0  0.969423956  0.000000000   0.000000000
463  72276  2020-02-15 15:24  ONGBTC  0.00002296                      43.70985870          0  0.969423956  0.000000000   0.000000000
464  72277  2020-02-15 15:24  ONGBTC  0.00002296                      43.70985870          0  0.969423956  0.000000000   0.000000000
465  72278  2020-02-15 15:24  ONGBTC  0.00002296                      43.70985870          0  0.969423956  0.000000000   0.000000000
466  72279  2020-02-15 15:24  ONGBTC  0.00002307                      44.06467365          1  1.574420693  0.811750394   0.479094077
467  72280  2020-02-15 15:24  ONGBTC  0.00002307                      44.06559645          1  1.574420693  0.002094195   0.000000000
468  72281  2020-02-15 15:24  ONGBTC  0.00002308                      44.07262525          1  1.574420693  0.015950766   0.043346337
469  72282  2020-02-15 15:24  ONGBTC  0.00002327                      44.07492779          1  1.574420693  0.005224422   0.823223570
470  72283  2020-02-15 15:25  ONGBTC  0.00002327                      44.07492779          1  1.574420693  0.000000000   0.000000000
471  72284  2020-02-15 15:25  ONGBTC  0.00002311                      44.07626817          1  1.574420693  0.003041139  -0.687580576
472  72285  2020-02-15 15:25  ONGBTC  0.00002325                      44.07867847          1  1.574420693  0.005468476   0.605798356
473  72286  2020-02-15 15:25  ONGBTC  0.00002325                      44.08083456          1  1.574420693  0.004891458   0.000000000
474  72287  2020-02-15 15:25  ONGBTC  0.00002311                      44.08358465          1  1.574420693  0.006238743  -0.602150538
475  72288  2020-02-15 15:25  ONGBTC  0.00002311                      44.08358465          1  1.574420693  0.000000000   0.000000000
476  72289  2020-02-15 15:25  ONGBTC  0.00002311                      44.08358465          1  1.574420693  0.000000000   0.000000000
477  72290  2020-02-15 15:25  ONGBTC  0.00002311                      44.08358465          1  1.574420693  0.000000000   0.000000000
478  72291  2020-02-15 15:25  ONGBTC  0.00002311                      44.08358465          1  1.574420693  0.000000000   0.000000000
479  72292  2020-02-15 15:25  ONGBTC  0.00002325                      44.08772315          1  1.574420693  0.009387848   0.605798356
480  72293  2020-02-15 15:25  ONGBTC  0.00002318                      44.12261795          1  1.574420693  0.079148565  -0.301075269
481  72294  2020-02-15 15:25  ONGBTC  0.00002318                      44.12261795          1  1.574420693  0.000000000   0.000000000
482  72295  2020-02-15 15:25  ONGBTC  0.00002318                      44.12261795          1  1.574420693  0.000000000   0.000000000
483  72296  2020-02-15 15:25  ONGBTC  0.00002318                      44.12261795          1  1.574420693  0.000000000   0.000000000
484  72297  2020-02-15 15:25  ONGBTC  0.00002318                      44.12261795          1  1.574420693  0.000000000   0.000000000
485  72298  2020-02-15 15:25  ONGBTC  0.00002318                      44.12261795          1  1.574420693  0.000000000   0.000000000
486  72299  2020-02-15 15:25  ONGBTC  0.00002326                      44.12673497          1  1.574420693  0.009330861   0.345125108
487  72300  2020-02-15 15:25  ONGBTC  0.00002326                      44.12673497          1  1.574420693  0.000000000   0.000000000
488  72301  2020-02-15 15:25  ONGBTC  0.00002326                      44.12673497          1  1.574420693  0.000000000   0.000000000
489  72302  2020-02-15 15:25  ONGBTC  0.00002326                      44.12673497          1  1.574420693  0.000000000   0.000000000
490  72303  2020-02-15 15:25  ONGBTC  0.00002326                      44.12673497          1  1.574420693  0.000000000   0.000000000
491  72304  2020-02-15 15:25  ONGBTC  0.00002334                      44.12757521          1  1.574420693  0.001904152   0.343938091
492  72305  2020-02-15 15:25  ONGBTC  0.00002334                      44.12757521          1  1.574420693  0.000000000   0.000000000
493  72306  2020-02-15 15:25  ONGBTC  0.00002334                      44.12757521          1  1.574420693  0.000000000   0.000000000
494  72307  2020-02-15 15:25  ONGBTC  0.00002335                      44.14040840          1  1.574420693  0.029082019   0.042844901
495  72308  2020-02-15 15:25  ONGBTC  0.00002341                      44.14576769          1  1.574420693  0.012141460   0.256959315
496  72309  2020-02-15 15:25  ONGBTC  0.00002348                      44.16470286          1  1.574420693  0.042892379   0.299017514
497  72310  2020-02-15 15:25  ONGBTC  0.00002360                      45.07144540          1  3.025415255  2.053093265   0.511073254
498  72311  2020-02-15 15:25  ONGBTC  0.00002357                      45.28818549          1  3.025415255  0.480881161  -0.127118644
499  72312  2020-02-15 15:25  ONGBTC  0.00002355                      45.31000808          1  3.025415255  0.048186055  -0.084853627


LOSS CONDITIONS
========================================




EXPERIMENTAL WINS
=================
win - %8
154140  KNCBTC  0.00004555                     101.69984963          0  1.274125164  0.000000000   0.000000000
154141  KNCBTC  0.00004567                     101.76522530          0  1.274125164  0.064282956   0.263446762
154142  KNCBTC  0.00004567                     101.78212020          0  1.274125164  0.016601840   0.000000000
154143  KNCBTC  0.00004580                     101.87967693          0  1.274125164  0.095848593   0.284650755
154144  KNCBTC  0.00004580                     101.87967693          0  1.274125164  0.000000000   0.000000000
154145  KNCBTC  0.00004580                     101.97127181          0  1.274125164  0.089904957   0.000000000
154146  KNCBTC  0.00004581                     102.25850074          0 -1.546601779  0.281676324   0.021834061
154147  KNCBTC  0.00004581                     102.35309839          1  2.921528675  0.092508348   0.000000000
154148  KNCBTC  0.00004581                     102.35309839          1  2.921528675  0.000000000   0.000000000
154149  KNCBTC  0.00004581                     102.36610843          1  2.921528675  0.012710939   0.000000000
154150  KNCBTC  0.00004581                     102.36610843          1  2.921528675  0.000000000   0.000000000
154151  KNCBTC  0.00004581                     102.36610843          1  2.921528675  0.000000000   0.000000000
154152  KNCBTC  0.00004593                     102.75630449          1  3.232464310  0.381176999   0.261951539
154153  KNCBTC  0.00004613                     103.16217414          1  3.232464310  0.394982723   0.435445243
154154  KNCBTC  0.00004627                     104.25327528          1  3.148225860  1.057656209   0.303490137
154155  KNCBTC  0.00004680                     104.35361801          1  3.148225860  0.096248995   1.145450616
154156  KNCBTC  0.00004655                     104.62023318          1  3.148225860  0.255492023  -0.534188034
154157  KNCBTC  0.00004664                     104.81039930          1  3.148225860  0.181768014   0.193340494

154142  KNCBTC  0.00004567                     101.78212020          0  1.253894784  0.016601840   0.000000000
154143  KNCBTC  0.00004580                     101.87967693          0  1.253894784  0.095848593   0.284650755
154144  KNCBTC  0.00004580                     101.87967693          0  1.253894784  0.000000000   0.000000000
154145  KNCBTC  0.00004580                     101.97127181          0 -1.763153538  0.089904957   0.000000000
154146  KNCBTC  0.00004581                     102.25850074          1  1.454832123  0.281676324   0.021834061
154147  KNCBTC  0.00004581                     102.35309839          1  1.454832123  0.092508348   0.000000000
154148  KNCBTC  0.00004581                     102.35309839          1  1.454832123  0.000000000   0.000000000
154149  KNCBTC  0.00004581                     102.36610843          1  1.454832123  0.012710939   0.000000000
154150  KNCBTC  0.00004581                     102.36610843          1  1.454832123  0.000000000   0.000000000
154151  KNCBTC  0.00004581                     102.36610843          1  1.454832123  0.000000000   0.000000000
154152  KNCBTC  0.00004593                     102.75630449          1  3.213729345  0.381176999   0.261951539
154153  KNCBTC  0.00004613                     103.16217414          1  3.213729345  0.394982723   0.435445243
154154  KNCBTC  0.00004627                     104.25327528          1  3.213729345  1.057656209   0.303490137

154149  KNCBTC  0.00004581                     102.36610843          0  0.059608447  0.012710939   0.000000000
154150  KNCBTC  0.00004581                     102.36610843          0  0.059608447  0.000000000   0.000000000
154151  KNCBTC  0.00004581                     102.36610843          0  0.059608447  0.000000000   0.000000000
154152  KNCBTC  0.00004593                     102.75630449          0  0.059608447  0.381176999   0.261951539
154153  KNCBTC  0.00004613                     103.16217414          1  3.296584346  0.394982723   0.435445243
154154  KNCBTC  0.00004627                     104.25327528          1  3.223119659  1.057656209   0.303490137
154155  KNCBTC  0.00004680                     104.35361801          1  3.223119659  0.096248995   1.145450616
154156  KNCBTC  0.00004655                     104.62023318          1  3.223119659  0.255492023  -0.534188034
154157  KNCBTC  0.00004664                     104.81039930          1  3.223119659  0.181768014   0.193340494
154158  KNCBTC  0.00004711                     105.25181249          1  3.247194607  0.421154001   1.007718696
154159  KNCBTC  0.00004711                     105.58933936          1  3.247194607  0.320685090   0.000000000
154160  KNCBTC  0.00004711                     105.84448712          1  3.247194607  0.241641591   0.000000000
154161  KNCBTC  0.00004717                     106.20564248          1  3.247194607  0.341213199   0.127361494
154162  KNCBTC  0.00004695                     106.52535607          1  3.247194607  0.301032584  -0.466398134
154163  KNCBTC  0.00004722                     106.57159017          1  3.247194607  0.043401967   0.575079872
154164  KNCBTC  0.00004754                     107.72304279          1  3.223119659  1.080449882   0.677678950
154165  KNCBTC  0.00004746                     108.01684835          1  3.223119659  0.272741609  -0.168279344
154166  KNCBTC  0.00004783                     108.19305596          1  3.223119659  0.163129746   0.779603877
154167  KNCBTC  0.00004723                     108.32350150          1  3.223119659  0.120567387  -1.254442818
154168  KNCBTC  0.00004739                     112.95318516          1  3.296584346  4.273942031   0.338767732

64901  REQBTC  0.00000170                      12.96402227          0 -2.422121560  0.000000000   0.000000000
64902  REQBTC  0.00000170                      12.96402227          0 -2.422121560  0.000000000   0.000000000
64903  REQBTC  0.00000170                      12.96402227          0 -2.422121560  0.000000000   0.000000000
64904  REQBTC  0.00000170                      12.96402227          0 -2.422121560  0.000000000   0.000000000
64905  REQBTC  0.00000170                      12.96402227          0 -2.422121560  0.000000000   0.000000000
64906  REQBTC  0.00000170                      12.96402227          0 -2.422121560  0.000000000   0.000000000
64907  REQBTC  0.00000170                      12.96402227          0 -2.422121560  0.000000000   0.000000000
64908  REQBTC  0.00000170                      12.96402227          0 -2.422121560  0.000000000   0.000000000
64909  REQBTC  0.00000170                      12.96402227          0 -2.422121560  0.000000000   0.000000000
64910  REQBTC  0.00000170                      12.96402227          0 -2.422121560  0.000000000   0.000000000
64911  REQBTC  0.00000170                      12.96402227          0 -2.422121560  0.000000000   0.000000000
64912  REQBTC  0.00000170                      12.96402227          0 -2.422121560  0.000000000   0.000000000
64913  REQBTC  0.00000170                      12.96402227          0 -2.422121560  0.000000000   0.000000000
64914  REQBTC  0.00000170                      12.96402227          0 -2.422121560  0.000000000   0.000000000
64915  REQBTC  0.00000170                      12.96402227          0 -2.422121560  0.000000000   0.000000000
64916  REQBTC  0.00000170                      12.96402227          0 -2.422121560  0.000000000   0.000000000
64917  REQBTC  0.00000170                      12.96402227          0 -2.422121560  0.000000000   0.000000000
64918  REQBTC  0.00000170                      12.99847957          0 -2.422121560  0.265791737   0.000000000
64919  REQBTC  0.00000170                      13.05109627          1  3.081473278  0.404791189   0.000000000
64920  REQBTC  0.00000172                      13.35677060          1  2.390755521  2.342135279   1.176470588
64921  REQBTC  0.00000172                      13.35677060          1  2.390755521  0.000000000   0.000000000
64922  REQBTC  0.00000172                      13.36239500          1  2.390755521  0.042108981   0.000000000
64923  REQBTC  0.00000172                      13.41675191          1  2.390755521  0.406790175   0.000000000
64924  REQBTC  0.00000172                      13.44717527          1  2.390755521  0.226756522   0.000000000
64925  REQBTC  0.00000173                      13.77221871          1  2.875428276  2.417187502   0.581395349

20323  STXBTC  0.00001616                     103.01290320          0  2.022489259  0.013587095   0.000000000
20324  STXBTC  0.00001616                     103.03985808          0  2.022489259  0.026166508   0.000000000
20325  STXBTC  0.00001616                     103.06190032          0  2.022489259  0.021391955   0.000000000
20326  STXBTC  0.00001616                     103.07623424          0  2.022489259  0.013908069   0.000000000
20327  STXBTC  0.00001616                     103.10399712          1  2.368289754  0.026934317   0.000000000
20328  STXBTC  0.00001616                     103.11577776          1  2.368289754  0.011425978   0.000000000
20329  STXBTC  0.00001617                     103.14107594          1  2.368289754  0.024533762   0.061881188
20330  STXBTC  0.00001618                     103.15901062          1  2.368289754  0.017388494   0.061842919
20331  STXBTC  0.00001618                     103.17828100          1  2.368289754  0.018680268   0.000000000
20332  STXBTC  0.00001618                     103.18077272          1  2.368289754  0.002414966   0.000000000
20333  STXBTC  0.00001623                     103.20247202          1  2.368289754  0.021030372   0.309023486
20334  STXBTC  0.00001623                     103.20247202          1  2.368289754  0.000000000   0.000000000
20335  STXBTC  0.00001622                     103.24260030          1  2.368289754  0.038883061  -0.061614295
20336  STXBTC  0.00001622                     103.24672018          1  2.368289754  0.003990485   0.000000000
20337  STXBTC  0.00001622                     103.27207530          1  2.368289754  0.024557797   0.000000000
20338  STXBTC  0.00001620                     103.27868798          1  2.368289754  0.006403164  -0.123304562
20339  STXBTC  0.00001620                     103.29276578          1  2.368289754  0.013630886   0.000000000
20340  STXBTC  0.00001620                     103.31876678          1  2.368289754  0.025172140   0.000000000
20341  STXBTC  0.00001619                     103.33636531          1  2.368289754  0.017033237  -0.061728395
20342  STXBTC  0.00001619                     103.34794116          1  2.368289754  0.011202107   0.000000000
20343  STXBTC  0.00001622                     103.37256312          1  2.368289754  0.023824335   0.185299568
20344  STXBTC  0.00001621                     103.37332499          1  2.368289754  0.000737014  -0.061652281
20345  STXBTC  0.00001624                     103.41088606          1  2.368289754  0.036335360   0.185070944
20346  STXBTC  0.00001623                     103.42081882          1  2.368289754  0.009605140  -0.061576355
20347  STXBTC  0.00001624                     103.43271542          1  2.368289754  0.011503100   0.061614295
20348  STXBTC  0.00001623                     103.46538641          1  2.368289754  0.031586708  -0.061576355
20349  STXBTC  0.00001624                     103.47559662          1  2.368289754  0.009868237   0.061614295
20350  STXBTC  0.00001624                     103.47559662          1  2.368289754  0.000000000   0.000000000
20351  STXBTC  0.00001625                     103.53481307          1  2.368289754  0.057227455   0.061576355
20352  STXBTC  0.00001649                     104.16593852          1  3.268858431  0.609578007   1.476923077

win - durum 1 için uygun ama ayar yapsan diger durumada çalışabilir.
1744  75745  ENJBTC  0.00001268                     288.03930604          0  2.546997802  0.002896716  -0.157480315
1745  75746  ENJBTC  0.00001268                     288.04359188          0  2.546997802  0.001487936   0.000000000
1746  75747  ENJBTC  0.00001268                     288.04359188          0  2.546997802  0.000000000   0.000000000
1747  75748  ENJBTC  0.00001268                     288.04439072          0  2.546997802  0.000277333   0.000000000
1748  75749  ENJBTC  0.00001268                     288.04439072          0  2.546997802  0.000000000   0.000000000
1749  75750  ENJBTC  0.00001268                     288.04439072          0  2.546997802  0.000000000   0.000000000
1750  75751  ENJBTC  0.00001268                     288.04439072          0  2.546997802  0.000000000   0.000000000
1751  75752  ENJBTC  0.00001268                     288.04439072          0  2.546997802  0.000000000   0.000000000
1752  75753  ENJBTC  0.00001268                     288.04439072          0  2.546997802  0.000000000   0.000000000
1753  75754  ENJBTC  0.00001277                     289.06022112          1  3.236568626  0.352664531   0.709779180
1754  75755  ENJBTC  0.00001278                     289.08699038          1  3.236568626  0.009260790   0.078308536
1755  75756  ENJBTC  0.00001278                     289.09163158          1  3.236568626  0.001605468   0.000000000
1756  75757  ENJBTC  0.00001281                     290.49169685          1  3.264464365  0.484298097   0.234741784
1757  75758  ENJBTC  0.00001281                     290.49169685          1  3.264464365  0.000000000   0.000000000
1758  75759  ENJBTC  0.00001280                     290.79963019          1  3.130085681  0.106004180  -0.078064012
1759  75760  ENJBTC  0.00001280                     291.17023929          1  3.130085681  0.127444832   0.000000000
1760  75761  ENJBTC  0.00001280                     291.17023929          1  3.130085681  0.000000000   0.000000000
1761  75762  ENJBTC  0.00001281                     291.18878817          1  3.130085681  0.006370459   0.078125000
1762  75763  ENJBTC  0.00001281                     291.20234927          1  3.130085681  0.004657150   0.000000000
1763  75764  ENJBTC  0.00001282                     291.21725893          1  3.130085681  0.005120034   0.078064012
1764  75765  ENJBTC  0.00001284                     291.23938160          1  3.130085681  0.007596621   0.156006240
1765  75766  ENJBTC  0.00001289                     291.90547676          1  3.055083356  0.228710539   0.389408100
1766  75767  ENJBTC  0.00001289                     291.90643004          1  3.055083356  0.000326571   0.000000000
1767  75768  ENJBTC  0.00001289                     291.91319236          1  3.055083356  0.002316605   0.000000000
1768  75769  ENJBTC  0.00001288                     291.92254324          1  3.055083356  0.003203308  -0.077579519
1769  75770  ENJBTC  0.00001288                     291.93460765          1  3.055083356  0.004132744   0.000000000
1770  75771  ENJBTC  0.00001289                     291.93527793          1  3.055083356  0.000229599   0.077639752
1771  75772  ENJBTC  0.00001291                     292.24164886          1  3.055083356  0.104944812   0.155159038
1772  75773  ENJBTC  0.00001290                     292.38049186          1  3.055083356  0.047509655  -0.077459334
1773  75774  ENJBTC  0.00001294                     292.44773900          1  3.055083356  0.022999872   0.310077519
1774  75775  ENJBTC  0.00001290                     292.45332516          1  3.055083356  0.001910140  -0.309119011
1775  75776  ENJBTC  0.00001290                     294.31857048          1  3.236568626  0.637792482   0.000000000


13545  NKNBTC  0.00000236                      34.20927300          0 -0.109890749  0.111898040   0.000000000
13546  NKNBTC  0.00000235                      34.20964900          0 -0.109890749  0.001099117  -0.423728814
13547  NKNBTC  0.00000235                      34.20964900          0 -0.109890749  0.000000000   0.000000000
13548  NKNBTC  0.00000235                      34.20964900          0 -0.109890749  0.000000000   0.000000000
13549  NKNBTC  0.00000236                      34.28801044          0 -0.109890749  0.229062391   0.425531915
13550  NKNBTC  0.00000236                      34.28801044          0 -0.109890749  0.000000000   0.000000000
13551  NKNBTC  0.00000236                      34.28801044          0 -0.109890749  0.000000000   0.000000000
13552  NKNBTC  0.00000236                      34.28801044          0 -0.109890749  0.000000000   0.000000000
13553  NKNBTC  0.00000237                      34.73045969          1  2.905357525  1.290390560   0.423728814
13554  NKNBTC  0.00000237                      34.73064455          1  2.905357525  0.000532271   0.000000000
13555  NKNBTC  0.00000237                      34.74112706          1  2.905357525  0.030182308   0.000000000
13556  NKNBTC  0.00000237                      34.74112706          1  2.905357525  0.000000000   0.000000000
13557  NKNBTC  0.00000239                      35.45473611          1  2.998773413  2.054075703   0.843881857
13558  NKNBTC  0.00000239                      35.45473611          1  2.998773413  0.000000000   0.000000000
13559  NKNBTC  0.00000239                      35.54981748          1  2.998773413  0.268176781   0.000000000
13560  NKNBTC  0.00000240                      36.07410743          1  3.098659434  1.474803493   0.418410042
13561  NKNBTC  0.00000240                      36.07460423          1  3.098659434  0.001377165   0.000000000

win %9
24227  WPRBTC  0.00000105                      25.84733735          0 -0.507053438  0.000000000   0.000000000
24228  WPRBTC  0.00000105                      25.84733735          0 -0.507053438  0.000000000   0.000000000
24229  WPRBTC  0.00000105                      25.84733735          0 -0.507053438  0.000000000   0.000000000
24230  WPRBTC  0.00000105                      25.84733735          0 -0.507053438  0.000000000   0.000000000
24231  WPRBTC  0.00000105                      25.84721393          0 -0.507053438 -0.000477496   0.000000000
24232  WPRBTC  0.00000105                      25.84721393          0 -0.507053438  0.000000000   0.000000000
24233  WPRBTC  0.00000105                      25.84732628          0 -0.507053438  0.000434670   0.000000000
24234  WPRBTC  0.00000105                      25.84732628          0 -0.507053438  0.000000000   0.000000000
24235  WPRBTC  0.00000104                      25.90537596          1  2.150970653  0.224586788  -0.952380952
24236  WPRBTC  0.00000105                      25.90737621          1  2.150970653  0.007721370   0.961538462
24237  WPRBTC  0.00000105                      25.90737621          1  2.150970653  0.000000000   0.000000000
24238  WPRBTC  0.00000105                      25.90750326          1  2.150970653  0.000490401   0.000000000
24239  WPRBTC  0.00000105                      25.90761141          1  2.150970653  0.000417447   0.000000000
24240  WPRBTC  0.00000105                      25.90771536          1  2.150970653  0.000401233   0.000000000
24241  WPRBTC  0.00000105                      25.90782351          1  2.150970653  0.000417443   0.000000000
24242  WPRBTC  0.00000105                      25.90782351          1  2.150970653  0.000000000   0.000000000
24243  WPRBTC  0.00000105                      25.90782351          1  2.150970653  0.000000000   0.000000000
24244  WPRBTC  0.00000105                      25.90792956          1  2.150970653  0.000409336   0.000000000
24245  WPRBTC  0.00000104                      25.90807932          1  2.150970653  0.000578047  -0.952380952
24246  WPRBTC  0.00000104                      25.90807932          1  2.150970653  0.000000000   0.000000000
24247  WPRBTC  0.00000104                      25.90807932          1  2.150970653  0.000000000   0.000000000
24248  WPRBTC  0.00000104                      25.90807932          1  2.150970653  0.000000000   0.000000000
24249  WPRBTC  0.00000104                      25.90807932          1  2.150970653  0.000000000   0.000000000
24250  WPRBTC  0.00000105                      25.90819272          1  2.150970653  0.000437701   0.961538462
24251  WPRBTC  0.00000105                      25.90831977          1  2.150970653  0.000490385   0.000000000
24252  WPRBTC  0.00000105                      25.90843422          1  2.150970653  0.000441750   0.000000000
24253  WPRBTC  0.00000105                      26.16542487          1  3.048589109  0.991918878   0.000000000
24254  WPRBTC  0.00000105                      26.16563487          1  3.048589109  0.000802586   0.000000000
24255  WPRBTC  0.00000105                      26.16575142          1  3.048589109  0.000445432   0.000000000
24256  WPRBTC  0.00000105                      27.30962982          1  3.224945843  4.371662719   0.000000000

600'le satarsan %5 900 le satsan %20 var. dikkat t score_qav tutarsız ama change qav tutarlı price da tutarlı.
183631  BANDBTC  0.00003373                      53.34931400          0 -1.055585964  0.000000000   0.000000000
183632  BANDBTC  0.00003373                      53.34931400          0 -1.055585964  0.000000000   0.000000000
183633  BANDBTC  0.00003373                      53.34931400          0 -1.055585964  0.000000000   0.000000000
183634  BANDBTC  0.00003373                      53.34931400          0 -1.055585964  0.000000000   0.000000000
183635  BANDBTC  0.00003373                      53.34931400          0 -1.055585964  0.000000000   0.000000000
183636  BANDBTC  0.00003373                      53.34931400          0 -1.055585964  0.000000000   0.000000000
183637  BANDBTC  0.00003373                      53.34931400          0 -1.055585964  0.000000000   0.000000000
183638  BANDBTC  0.00003373                      53.34931400          0 -1.055585964  0.000000000   0.000000000
183639  BANDBTC  0.00003373                      53.34931400          0 -1.055585964  0.000000000   0.000000000
183640  BANDBTC  0.00003373                      53.34931400          0 -1.055585964  0.000000000   0.000000000
183641  BANDBTC  0.00003373                      53.35363144          0 -1.055585964  0.008092775   0.000000000
183642  BANDBTC  0.00003373                      53.35363144          0 -1.055585964  0.000000000   0.000000000
183643  BANDBTC  0.00003373                      53.35363144          0 -1.055585964  0.000000000   0.000000000
183644  BANDBTC  0.00003373                      53.35363144          0 -1.055585964  0.000000000   0.000000000
183645  BANDBTC  0.00003373                      53.35363144          0 -1.055585964  0.000000000   0.000000000
183646  BANDBTC  0.00003383                      53.35626862          0 -1.055585964  0.004942831   0.296471983
183647  BANDBTC  0.00003383                      53.42392862          0 -1.055585964  0.126807968   0.000000000
183648  BANDBTC  0.00003399                      53.75169642          1  3.128630608  0.613522458   0.472953000
183649  BANDBTC  0.00003399                      53.75169642          1  3.128630608  0.000000000   0.000000000
183650  BANDBTC  0.00003400                      54.46662377          1  3.040899214  1.330055417   0.029420418

ticker 1
--------
88862  SYSBTC  0.00000487                     335.52138705          0  2.484969641  0.000000000   0.000000000
88863  SYSBTC  0.00000487                     335.53055239          0  2.484969641  0.002731671   0.000000000
88864  SYSBTC  0.00000487                     335.53055239          0  2.484969641  0.000000000   0.000000000
88865  SYSBTC  0.00000488                     335.53075735          0  2.484969641  0.000061085   0.205338809
88866  SYSBTC  0.00000490                     336.49574463          1  2.973141838  0.287600245   0.409836066
88867  SYSBTC  0.00000491                     336.50654771          1  2.973141838  0.003210466   0.204081633
88868  SYSBTC  0.00000491                     336.50654771          1  2.973141838  0.000000000   0.000000000
88869  SYSBTC  0.00000493                     336.51828364          1  2.973141838  0.003487578   0.407331976
88870  SYSBTC  0.00000493                     336.52328759          1  2.973141838  0.001486977   0.000000000
88871  SYSBTC  0.00000493                     336.54157304          1  2.973141838  0.005433636   0.000000000
88872  SYSBTC  0.00000493                     336.54157304          1  2.973141838  0.000000000   0.000000000
88873  SYSBTC  0.00000493                     336.54157304          1  2.973141838  0.000000000   0.000000000
88874  SYSBTC  0.00000490                     336.57554773          1  2.973141838  0.010095243  -0.608519270
88875  SYSBTC  0.00000490                     336.64926253          1  2.973141838  0.021901413   0.000000000
88876  SYSBTC  0.00000493                     336.67894606          1  2.973141838  0.008817346   0.612244898
88877  SYSBTC  0.00000493                     336.67894606          1  2.973141838  0.000000000   0.000000000
88878  SYSBTC  0.00000493                     336.67894606          1  2.973141838  0.000000000   0.000000000
88879  SYSBTC  0.00000493                     336.67894606          1  2.973141838  0.000000000   0.000000000
88880  SYSBTC  0.00000493                     337.05517951          1  2.973141838  0.111748434   0.000000000
88881  SYSBTC  0.00000493                     337.05517951          1  2.973141838  0.000000000   0.000000000
88882  SYSBTC  0.00000493                     337.12809077          1  2.973141838  0.021631847   0.000000000
88883  SYSBTC  0.00000493                     337.12809077          1  2.973141838  0.000000000   0.000000000
88884  SYSBTC  0.00000493                     337.16565876          1  2.973141838  0.011143536   0.000000000
88885  SYSBTC  0.00000495                     337.17265311          1  2.973141838  0.002074455   0.405679513
88886  SYSBTC  0.00000495                     337.17265311          1  2.973141838  0.000000000   0.000000000
88887  SYSBTC  0.00000495                     337.17265311          1  2.973141838  0.000000000   0.000000000
88888  SYSBTC  0.00000495                     337.17265311          1  2.973141838  0.000000000   0.000000000
88889  SYSBTC  0.00000496                     337.18938815          1  2.973141838  0.004963344   0.202020202
88890  SYSBTC  0.00000498                     337.20868516          1  2.973141838  0.005722900   0.403225806
88891  SYSBTC  0.00000498                     337.20868516          1  2.973141838  0.000000000   0.000000000
88892  SYSBTC  0.00000498                     337.20868516          1  2.973141838  0.000000000   0.000000000
88893  SYSBTC  0.00000498                     337.64993038          1  2.973141838  0.130852270   0.000000000
88894  SYSBTC  0.00000498                     337.64993038          1  2.973141838  0.000000000   0.000000000
88895  SYSBTC  0.00000498                     337.70831092          1  2.973141838  0.017290257   0.000000000
88896  SYSBTC  0.00000498                     337.70831092          1  2.973141838  0.000000000   0.000000000
88897  SYSBTC  0.00000500                     337.93864891          1  2.973141838  0.068206195   0.401606426
88898  SYSBTC  0.00000500                     339.02566113          1  3.169933170  0.321659634   0.000000000
88899  SYSBTC  0.00000505                     339.37601522          1  3.169933170  0.103341466   1.000000000
88900  SYSBTC  0.00000506                     339.41928318          1  3.169933170  0.012749269   0.198019802

very big win. Buna cevap vermesi lazım. Period.
74442  SKYBTC  0.00006878                      36.59696231          0  1.718867952  0.006014413   0.029086678
74443  SKYBTC  0.00006878                      36.59696231          0  1.718867952  0.000000000   0.000000000
74444  SKYBTC  0.00006878                      36.59696231          0  1.718867952  0.000000000   0.000000000
74445  SKYBTC  0.00006891                      36.60260934          0  1.718867952  0.015430324   0.189008433
74446  SKYBTC  0.00006891                      36.60777805          0  1.718867952  0.014121152   0.000000000
74447  SKYBTC  0.00006891                      36.60777805          0  1.718867952  0.000000000   0.000000000
74448  SKYBTC  0.00006893                      36.61611858          0  1.718867952  0.022783491   0.029023364
74449  SKYBTC  0.00006899                      36.66398525          0  1.718867952  0.130725680   0.087044828
74450  SKYBTC  0.00006899                      36.66398525          0  1.718867952  0.000000000   0.000000000
74451  SKYBTC  0.00006899                      36.66398525          0  1.718867952  0.000000000   0.000000000
74452  SKYBTC  0.00006912                      39.63209400          1  2.832485693  8.095434061   0.188433106
74453  SKYBTC  0.00006900                      39.64585893          1  2.832485693  0.034731776  -0.173611111
74454  SKYBTC  0.00006900                      39.64585893          1  2.832485693  0.000000000   0.000000000
74455  SKYBTC  0.00006900                      39.64585893          1  2.832485693  0.000000000   0.000000000
74456  SKYBTC  0.00006900                      39.65820993          1  2.832485693  0.031153317   0.000000000
74457  SKYBTC  0.00006950                      39.67812894          1  2.832485693  0.050226700   0.724637681
74458  SKYBTC  0.00006950                      39.67812894          1  2.832485693  0.000000000   0.000000000
74459  SKYBTC  0.00006950                      39.67812894          1  2.832485693  0.000000000   0.000000000
74460  SKYBTC  0.00006950                      39.67812894          1  2.832485693  0.000000000   0.000000000
74461  SKYBTC  0.00006928                      39.70445534          1  2.832485693  0.066349903  -0.316546763
74462  SKYBTC  0.00006943                      39.72608135          1  2.832485693  0.054467464   0.216512702
74463  SKYBTC  0.00006950                      39.83352324          1  2.832485693  0.270456804   0.100820971
74464  SKYBTC  0.00006950                      39.83352324          1  2.832485693  0.000000000   0.000000000
74465  SKYBTC  0.00006950                      39.83352324          1  2.832485693  0.000000000   0.000000000
74466  SKYBTC  0.00006950                      39.83352324          1  2.832485693  0.000000000   0.000000000
74467  SKYBTC  0.00006959                      39.97938022          1  2.832485693  0.366166405   0.129496403
74468  SKYBTC  0.00006959                      39.99872624          1  2.832485693  0.048389995   0.000000000
74469  SKYBTC  0.00006959                      40.01201793          1  2.832485693  0.033230283   0.000000000
74470  SKYBTC  0.00006961                      40.04430795          1  2.832485693  0.080700804   0.028739761
74471  SKYBTC  0.00006950                      40.04736595          1  2.832485693  0.007636541  -0.158023273
74472  SKYBTC  0.00006950                      40.04736595          1  2.832485693  0.000000000   0.000000000
74473  SKYBTC  0.00006950                      40.04736595          1  2.832485693  0.000000000   0.000000000
74474  SKYBTC  0.00006978                      40.12457421          1  2.909997093  0.192792355   0.402877698
74475  SKYBTC  0.00006978                      40.12631871          1  2.909997093  0.004347710   0.000000000
74476  SKYBTC  0.00006978                      40.12631871          1  2.909997093  0.000000000   0.000000000
74477  SKYBTC  0.00006978                      40.17279219          1  2.909997093  0.115817951   0.000000000
74478  SKYBTC  0.00006978                      40.17279219          1  2.909997093  0.000000000   0.000000000
74479  SKYBTC  0.00006986                      40.18291704          1  2.909997093  0.025203252   0.114646030
74480  SKYBTC  0.00006986                      40.18529228          1  2.909997093  0.005911069   0.000000000
74481  SKYBTC  0.00006986                      40.20345588          1  2.909997093  0.045199621   0.000000000
74482  SKYBTC  0.00006987                      40.20415458          1  2.909997093  0.001737910   0.014314343
74483  SKYBTC  0.00006987                      40.20415458          1  2.909997093  0.000000000   0.000000000
74484  SKYBTC  0.00006987                      40.20415458          1  2.909997093  0.000000000   0.000000000
74485  SKYBTC  0.00006998                      40.21521052          1  2.909997093  0.027499496   0.157435237
74486  SKYBTC  0.00006998                      40.21521052          1  2.909997093  0.000000000   0.000000000
74487  SKYBTC  0.00007000                      40.41463474          1  2.909997093  0.495892518   0.028579594
74488  SKYBTC  0.00007000                      40.41463474          1  2.909997093  0.000000000   0.000000000
74489  SKYBTC  0.00007000                      40.41463474          1  2.909997093  0.000000000   0.000000000
74490  SKYBTC  0.00007000                      40.41463474          1  2.909997093  0.000000000   0.000000000
74491  SKYBTC  0.00006998                      40.43240966          1  2.909997093  0.043981395  -0.028571429
74492  SKYBTC  0.00007010                      43.32300193          1  3.295681585  7.149196138   0.171477565

very big win. Buna cevap vermesi lazım. Period.
0784  LRCBTC  0.00000369                      46.49122429           0 -0.637711123  0.000000000   0.000000000
90785  LRCBTC  0.00000372                      46.97436880          1  2.640290934  1.039216578   0.813008130
90786  LRCBTC  0.00000372                      46.98686800          1  2.640290934  0.026608553   0.000000000
90787  LRCBTC  0.00000372                      47.01561988          1  2.640290934  0.061191310   0.000000000
90788  LRCBTC  0.00000371                      47.02621935          1  2.640290934  0.022544571  -0.268817204
90789  LRCBTC  0.00000371                      47.02621935          1  2.640290934  0.000000000   0.000000000
90790  LRCBTC  0.00000371                      47.02621935          1  2.640290934  0.000000000   0.000000000
90791  LRCBTC  0.00000371                      47.02621935          1  2.640290934  0.000000000   0.000000000
90792  LRCBTC  0.00000371                      47.02621935          1  2.640290934  0.000000000   0.000000000
90793  LRCBTC  0.00000371                      47.02621935          1  2.640290934  0.000000000   0.000000000
90794  LRCBTC  0.00000371                      47.02621935          1  2.640290934  0.000000000   0.000000000
90795  LRCBTC  0.00000372                      47.22991287          1  2.640290934  0.433148832   0.269541779
90796  LRCBTC  0.00000372                      47.22991287          1  2.640290934  0.000000000   0.000000000
90797  LRCBTC  0.00000375                      47.34407037          1  2.640290934  0.241705930   0.806451613
90798  LRCBTC  0.00000375                      47.38533162          1  2.640290934  0.087151886   0.000000000
90799  LRCBTC  0.00000375                      47.42991162          1  2.640290934  0.094079747   0.000000000
90800  LRCBTC  0.00000373                      47.43001606          1  2.640290934  0.000220199  -0.533333333
90801  LRCBTC  0.00000375                      47.43464731          1  2.640290934  0.009764386   0.536193029
90802  LRCBTC  0.00000375                      47.44525981          1  2.640290934  0.022372887   0.000000000
90803  LRCBTC  0.00000375                      47.44525981          1  2.640290934  0.000000000   0.000000000
90804  LRCBTC  0.00000375                      47.68086018          1  2.923716640  0.496573042   0.000000000
90805  LRCBTC  0.00000375                      47.68086018          1  2.923716640  0.000000000   0.000000000
90806  LRCBTC  0.00000376                      47.68546994          1  2.923716640  0.009667946   0.266666667
90807  LRCBTC  0.00000376                      47.68546994          1  2.923716640  0.000000000   0.000000000
90808  LRCBTC  0.00000380                      47.73719716          1  2.923716640  0.108475852   1.063829787
90809  LRCBTC  0.00000376                      47.76738998          1  2.923716640  0.063247995  -1.052631579
90810  LRCBTC  0.00000377                      47.78663336          1  2.923716640  0.040285601   0.265957447
90811  LRCBTC  0.00000378                      47.79349508          1  2.923716640  0.014359078   0.265251989
90812  LRCBTC  0.00000376                      47.79808980          1  2.923716640  0.009613693  -0.529100529
90813  LRCBTC  0.00000378                      47.79987774          1  2.923716640  0.003740610   0.531914894
90814  LRCBTC  0.00000382                      49.51640194          1  2.822926683  3.591063997   1.058201058
90815  LRCBTC  0.00000382                      49.76898798          1  2.822926683  0.510105804   0.000000000
90816  LRCBTC  0.00000382                      49.84363078          1  2.822926683  0.149978537   0.000000000
90817  LRCBTC  0.00000382                      49.87500981          1  2.822926683  0.062954944   0.000000000
90818  LRCBTC  0.00000381                      49.91195923          1  2.822926683  0.074084036  -0.261780105
90819  LRCBTC  0.00000380                      49.92284886          1  2.822926683  0.021817677  -0.262467192
90820  LRCBTC  0.00000380                      49.92284886          1  2.822926683  0.000000000   0.000000000
90821  LRCBTC  0.00000380                      49.92284886          1  2.822926683  0.000000000   0.000000000
90822  LRCBTC  0.00000382                      49.92374656          1  2.822926683  0.001798175   0.526315789
90823  LRCBTC  0.00000381                      49.93200664          1  2.822926683  0.016545393  -0.261780105
90824  LRCBTC  0.00000381                      49.93200664          1  2.822926683  0.000000000   0.000000000
90825  LRCBTC  0.00000379                      49.98329659          1  2.822926683  0.102719585  -0.524934383
90826  LRCBTC  0.00000379                      49.98329659          1  2.822926683  0.000000000   0.000000000
90827  LRCBTC  0.00000385                      52.53060616          1  3.276782487  5.096321659   1.583113456

very big win. Buna cevap vermesi lazım. Period.
343736  ARKBTC  0.00002441                      24.13261735          0  1.975267107  0.000000000   0.000000000
343737  ARKBTC  0.00002441                      24.13261735          0  1.975267107  0.000000000   0.000000000
343738  ARKBTC  0.00002442                      24.14118832          0  1.975267107  0.035516123   0.040966817
343739  ARKBTC  0.00002442                      24.14118832          0  1.975267107  0.000000000   0.000000000
343740  ARKBTC  0.00002448                      24.14453583          0  1.975267107  0.013866385   0.245700246
343741  ARKBTC  0.00002448                      24.14453583          0  1.975267107  0.000000000   0.000000000
343742  ARKBTC  0.00002456                      24.27625150          1  2.628348515  0.545529932   0.326797386
343743  ARKBTC  0.00002456                      24.27730758          1  2.628348515  0.004350260   0.000000000
343744  ARKBTC  0.00002456                      24.27770054          1  2.628348515  0.001618631   0.000000000
343745  ARKBTC  0.00002456                      24.31497496          1  2.628348515  0.153533569   0.000000000
343746  ARKBTC  0.00002468                      24.46703502          1  2.628348515  0.625376174   0.488599349
343747  ARKBTC  0.00002469                      24.47814236          1  2.628348515  0.045397164   0.040518639
343748  ARKBTC  0.00002469                      24.47814236          1  2.628348515  0.000000000   0.000000000
343749  ARKBTC  0.00002456                      24.47865812          1  2.628348515  0.002107023  -0.526528959
343750  ARKBTC  0.00002456                      24.47865812          1  2.628348515  0.000000000   0.000000000
343751  ARKBTC  0.00002456                      24.47897740          1  2.628348515  0.001304320   0.000000000
343752  ARKBTC  0.00002456                      24.48425780          1  2.628348515  0.021571163   0.000000000
343753  ARKBTC  0.00002468                      24.55834716          1  2.628348515  0.302599983   0.488599349
343754  ARKBTC  0.00002469                      24.80297086          1  2.628348515  0.996091872   0.040518639
343755  ARKBTC  0.00002469                      24.80297086          1  2.628348515  0.000000000   0.000000000
343756  ARKBTC  0.00002479                      24.80316918          1  2.628348515  0.000799582   0.405022276
343757  ARKBTC  0.00002479                      24.81487190          1  2.628348515  0.047182358   0.000000000
343758  ARKBTC  0.00002479                      24.81735090          1  2.628348515  0.009989977   0.000000000
343759  ARKBTC  0.00002487                      24.83575100          1  2.628348515  0.074142079   0.322710770
343760  ARKBTC  0.00002488                      24.88078221          1  2.628348515  0.181316079   0.040209087
343761  ARKBTC  0.00002493                      24.89801436          1  2.628348515  0.069258876   0.200964630
343762  ARKBTC  0.00002495                      25.00619842          1  3.153981563  0.434508786   0.080224629
343763  ARKBTC  0.00002492                      25.11950626          1  3.153981563  0.453119015  -0.120240481
343764  ARKBTC  0.00002488                      25.13376588          1  3.153981563  0.056767119  -0.160513644
343765  ARKBTC  0.00002500                      25.15084886          1  3.153981563  0.067968247   0.482315113
343766  ARKBTC  0.00002515                      25.55971232          1  3.194171086  1.625644774   0.600000000
343767  ARKBTC  0.00002462                      25.72366555          1  3.194171086  0.641451781  -2.107355865
343768  ARKBTC  0.00002520                      26.20028497          1  3.194171086  1.852844102   2.355808286

very big win. Buna cevao vermesi lazım. Period.
72275  ONGBTC  0.00002296                      43.70985870          0  0.950662129  0.000000000   0.000000000
72276  ONGBTC  0.00002296                      43.70985870          0  0.950662129  0.000000000   0.000000000
72277  ONGBTC  0.00002296                      43.70985870          0  0.950662129  0.000000000   0.000000000
72278  ONGBTC  0.00002296                      43.70985870          0  0.950662129  0.000000000   0.000000000
72279  ONGBTC  0.00002307                      44.06467365          1  2.205093705  0.811750394   0.479094077
72280  ONGBTC  0.00002307                      44.06559645          1  2.205093705  0.002094195   0.000000000
72281  ONGBTC  0.00002308                      44.07262525          1  2.205093705  0.015950766   0.043346337
72282  ONGBTC  0.00002327                      44.07492779          1  2.205093705  0.005224422   0.823223570
72283  ONGBTC  0.00002327                      44.07492779          1  2.205093705  0.000000000   0.000000000
72284  ONGBTC  0.00002311                      44.07626817          1  2.205093705  0.003041139  -0.687580576
72285  ONGBTC  0.00002325                      44.07867847          1  2.205093705  0.005468476   0.605798356
72286  ONGBTC  0.00002325                      44.08083456          1  2.205093705  0.004891458   0.000000000
72287  ONGBTC  0.00002311                      44.08358465          1  2.205093705  0.006238743  -0.602150538
72288  ONGBTC  0.00002311                      44.08358465          1  2.205093705  0.000000000   0.000000000
72289  ONGBTC  0.00002311                      44.08358465          1  2.205093705  0.000000000   0.000000000
72290  ONGBTC  0.00002311                      44.08358465          1  2.205093705  0.000000000   0.000000000
72291  ONGBTC  0.00002311                      44.08358465          1  2.205093705  0.000000000   0.000000000
72292  ONGBTC  0.00002325                      44.08772315          1  2.205093705  0.009387848   0.605798356
72293  ONGBTC  0.00002318                      44.12261795          1  2.047432149  0.079148565  -0.301075269
72294  ONGBTC  0.00002318                      44.12261795          1  2.047432149  0.000000000   0.000000000
72295  ONGBTC  0.00002318                      44.12261795          1  2.047432149  0.000000000   0.000000000
72296  ONGBTC  0.00002318                      44.12261795          1  2.047432149  0.000000000   0.000000000
72297  ONGBTC  0.00002318                      44.12261795          1  2.047432149  0.000000000   0.000000000
72298  ONGBTC  0.00002318                      44.12261795          1  2.047432149  0.000000000   0.000000000
72299  ONGBTC  0.00002326                      44.12673497          1  2.047432149  0.009330861   0.345125108
72300  ONGBTC  0.00002326                      44.12673497          1  2.047432149  0.000000000   0.000000000
72301  ONGBTC  0.00002326                      44.12673497          1  2.047432149  0.000000000   0.000000000
72302  ONGBTC  0.00002326                      44.12673497          1  2.047432149  0.000000000   0.000000000
72303  ONGBTC  0.00002326                      44.12673497          1  2.047432149  0.000000000   0.000000000
72304  ONGBTC  0.00002334                      44.12757521          1  2.047432149  0.001904152   0.343938091
72305  ONGBTC  0.00002334                      44.12757521          1  2.047432149  0.000000000   0.000000000
72306  ONGBTC  0.00002334                      44.12757521          1  2.047432149  0.000000000   0.000000000
72307  ONGBTC  0.00002335                      44.14040840          1  2.047432149  0.029082019   0.042844901
72308  ONGBTC  0.00002341                      44.14576769          1  2.047432149  0.012141460   0.256959315
72309  ONGBTC  0.00002348                      44.16470286          1  2.047432149  0.042892379   0.299017514
72310  ONGBTC  0.00002360                      45.07144540          1  3.206256917  2.053093265   0.511073254
